8618342615480
8615810924587
8613911982208
8613911976746
8613997228805
8613911284638
8615210361227
8613911229638
8615215001813
8613910768174
8615801238414
8615699870209
8615600576864
8613910893382
8615011426946
8613910630923
8613911056018
8618600321018
8615535858726
8618611602309
8615010252026
8618310135919
8618510784920
8615201312335
8615011007550
8618520410602
8615611200835
8618612005741
8613935886266
8615811047599
8618600067658
8618601175090
8618600240695
8615911170765
8618601137007
8613911854597
8618611984500
8615652626180
8615810502006
8615858706759
8615810579687
8613946036575
8615803412178
8613893166727
8615170036912
8615910521695
8618201663937
8613999319279
8615911029650
8615192719152
8615926986925
8615601005080
8613910649445
8613911061652
8615168212410
8613910699977
8613911192618
8618601020616
8615611138156
8618611761006
8613911374525
8618601350590
8615711390969
8613911289837
8615901030837
8615209796999
8618613801046
8615699706960
8615611126792
8615910942557
8615903536667
8615801259606
8618601350508
8618610283033
8615120088020
8613958104637
8615101510679
8613999297008
8613967810067
8613979121318
8613999263738
8613911537738
8615801530753
8613911322945
8615231749551
8613911013706
8615810168028
8615899096727
8615687174978
8615210031296
8618500221506
8615851386189
8613911695719
8613950132416
8615536781018
8613910710397
8613918807632
8613971560517
8618518430125
8618510212006
8618511588536
8618616805922
8618600816513
8615810957880
8618301019730
8615810492119
8618621383195
8618333606707
8615110102773
8618201036565
8615918646696
8615010305961
8613940803153
8613903158121
8615910536083
8618210301618
8615910560558
8615010364237
8615810491845
8613901051191
8615201690128
8618211197229
8618510505937
8615001219832
8618210061654
8613911361110
8615910801436
8615910795989
8615752244028
8615210997647
8618502116499
8618500705706
8615801162326
8615810365265
8618535159588
8618600359882
8618510450327
8615901459830
8618601104161
8613911686235
8618611649639
8615517553569
8618636572587
8618600927419
8618612698984
8618653171725
8613934131065
8615910612656
8613909929011
8615701536073
8615801483150
8613999685029
8615842917963
8615001217298
8613987799792
8613999225216
8613999315895
8613999168068
8615815716005
8613911600089
8615605361728
8618561018869
8618611145577
8615010288620
8618241788989
8613994633388
8618210951354
8618511309544
8618511182412
8613999316762
8618611738550
8615201343690
8615611023882
8615699866321
8615903401920
8615711136650
8618515591341
8618602307204
8618810319645
8618611196109
8618710139450
8618612555503
8615011473457
8618234835695
8615601299099
8613997225371
8615945972333
8615510044723
8615001002034
8613910084230
8618210166593
8618511697368
8618234213178
8615101197377
8615887169687
8613910573199
8615210341200
8615010565829
8617801024463
8613918432428
8617801036074
8618601323956
8618611209363
8615012222144
8618310399551
8618612246969
8618600068207
8615801322582
8615901166337
8615810430300
8618615018097
8615901174590
8615022269313
8615810313082
8615910586068
8615601131951
8618610468331
8618600870221
8613992861465
8613957756174
8618601089257
8618611999454
8613938295860
8618210536842
8613910163719
8615810030410
8615871813502
8615010160281
8615910852096
8615109017777
8615011282105
8613999838901
8613999966830
8615199025273
8618511972801
8613910806020
8615296670143
8615510618632
8618310060568
8615611027017
8615534041935
8615711116252
8618600862844
8613911526725
8618610696881
8615117988740
8618628000060
8615973120933
8618611105392
8618645067392
8618611258247
8615254612666
8618635467606
8613945940586
8618631577316
8618501602477
8615114509188
8618510684668
8615901032198
8615010623704
8618610340000
8615611307579
8615059066618
8613910167564
8618518257562
8618600179256
8618600068722
8615611268173
8615140247278
8615210625362
8615120022619
8615601065509
8618600273825
8613911303030
8615900656573
8615601180800
8615652509028
8615611727413
8617606318159
8618601368314
8618733493199
8618610866588
8618640906110
8618611758046
8615810736707
8613911785561
8615010306519
8613865684181
8613901281752
8615801581513
8615901091662
8615011116766
8613969238419
8618601158754
8618612438091
8613967177363
8618501259153
8613910778506
8615810053538
8618600712961
8615101154880
8618510576305
8613910724490
8618600196171
8618610370171
8618601231010
8615711102533
8615510932660
8615210991575
8618610740957
8615810159987
8618614098172
8615801318066
8615010093629
8615805686313
8615811492863
8615213139723
8618601993287
8618311070406
8618618348986
8615026268286
8618301306252
8615809008469
8613987633632
8613910438931
8615810731482
8615101123209
8618601961013
8613952945588
8618683852288
8618516866186
8615210246457
8618600851588
8615934112061
8615600647189
8618611177336
8615810663457
8615201383798
8615810993021
8618610478457
8615210376348
8618601007953
8613911134755
8618610290927
8615235569000
8618601019918
8613911773830
8618612450940
8615937175712
8618610083273
8618611852399
8618610867298
8615201272564
8618614076209
8615931378808
8613931116113
8618211131772
8615611416006
8615660136011
8615116943225
8615210534712
8613910679351
8613911051235
8613901303602
8613910272250
8615810597849
8615911097705
8615011365359
8613979767699
8618601346691
8618678851898
8615101604196
8618502380177
8613911527913
8615624968623
8618611596589
8615810686727
8615902103513
8615903510570
8618611136037
8615810739481
8615911052262
8618201634118
8618701826529
8618601101797
8618635341482
8618610735233
8615801401409
8613911756201
8615001370068
8618610711116
8618600802842
8618515923689
8618638358950
8615810635178
8613911901791
8615801613773
8613911949017
8615901216155
8615001006685
8613910571802
8618234104821
8615201398856
8618610539819
8615001388415
8618810641167
8618600075772
8615600041294
8618610935882
8618600123302
8618701019010
8615136134287
8618515992475
8613945696793
8615709900566
8618652125811
8618600863143
8613970277627
8615800850996
8615652994084
8615210669137
8618600320070
8615899369456
8618614034553
8615001167692
8615901263666
8618611073768
8618601228267
8618610456872
8615982479751
8615076918999
8613910559841
8613988961785
8613910567698
8615711026610
8615201503318
8615552200011
8613910680645
8613911860644
8613910305166
8613911028692
8615887140543
8615988313072
8615101196394
8613988087846
8618610161061
8618600498487
8615810468687
8618612100060
8618600198371
8618810418806
8615198761955
8618832199099
8618600361506
8618611170524
8618310808906
8615011310127
8618611640800
8615834002078
8613911404913
8615901506442
8615276579798
8618701156815
8615801039326
8615611703364
8615911128250
8615701913333
8613811783404
8615120071876
8615810396303
8615935624904
8613934637390
8615810160966
8615135389589
8615910668380
8615234641991
8613910592054
8618600195275
8615257861023
8618611065455
8615010073536
8618303569766
8618500293725
8615201134963
8615011252909
8618611075136
8618610172720
8615901356789
8615210013638
8618611170622
8618601271202
8615202238125
8613911415997
8613998869328
8618610027918
8618600001205
8618513853394
8618618340983
8618601251667
8615910529758