8613381436830
8613488797050
8613426162134
8613321118508
8613611378367
8613366605787
8613520000284
8613488868287
8613436916007
8613429845724
8613520577756
8613466324964
8613436952457
8613501989753
8613466655751
8613501996822
8613501360674
8613520920866
8613466552772
8613331054338
8613426177027
8613488713423
8613501042659
8613552431778
8613401005600
8613521718860
8613501087622
8613436804542
8613521979694
8613426188320
8613521004275
8613381261678
8613311218298
8613520488581
8613331132692
8613488698767
8613466357057
8613511058904
8613426171871
8613521580132
8613521340059
8613521641203
8613511074227
8613520981257
8613521355453
8613581961252
8613391759343
8613522090319
8613501052248
8613521311752
8613522272326
8613501119728
8613426220963
8613331162217
8613341175037
8613520296370
8613453383585
8613401347385
8613501189785
8613466632466
8613501050761
8613426060216
8613520873506
8613436970395
8613311188699
8613426063744
8613467110622
8613488894252
8613552266833
8613381230151
8613521065852
8613439037568
8613426266236
8613520921912
8613426083955
8613520560079
8613355150870
8613311149109
8613520203765
8613331108570
8613466361361
8613403451535
8613511013028
8613401069687
8613520757599
8613521120640
8613521575174
8613501383062
8613520863554
8613521168925
8613581690869
8613381381829
8613521641910
8613488871945
8613521043456
8613522252555
8613520071632
8613381267353
8613466749406
8613501015257
8613488657682
8613439695098
8613439129294
8613331100321
8613269211570
8613381122062
8613381236250
8613511001908
8613381410696
8613311159707
8613381116943
8613466733480
8613488880154
8613552094140
8613381058901
8613520594891
8613426342066
8613401032545
8613520384335
8613401098115
8613520273918
8613351561688
8613269079565
8613509771693
8613311588779
8613453790000
8613401168791
8613501001200
8613401012327
8613488896996
8613520896290
8613521552352
8613501173617
8613520285119
8613520497920
8613522069928
8613381173335
8613521355920
8613466727392
8613520982913
8613521929183
8613501219843
8613331195997
8613436828722
8613466559105
8613466568980
8613436319934
8613522229225
8613466308652
8613601399947
8613466677280
8613520227833
8613488618123
8613311553628
8613331175187
8613436835298
8613439777525
8613439013256
8613522181383
8613370178963
8613501261812
8613426317669
8613391620107
8613439292481
8613401015265
8613520165857
8613321161799
8613261850371
8613501270242
8613301293127
8613439130286
8613381141202
8613488790954
8613381405060
8613488884117
8613520798935
8613520639224
8613488889780
8613520281296
8613501010089
8613521931058
8613349338723
8613520819602
8613439469712
8613501068535
8613521599856
8613488705875
8613321191433
8613436572973
8613439688800
8613466543599
8613426017243
8613522131303
8613439788483
8613601348734
8613466556520
8613520059886
8613466739665
8613691437374
8613439611839
8613552078392
8613522028332
8613488829618
8613488616671
8613115602588
8613031158685
8613051111002
8613011889000
8613011256095
8613031108158
8613051579949
8613121034725
8613051151441
8613031158519
8613126156503
8613021914334
8613031883132
8613146179326
8613131289896
8613126537353
8613120496081
8613121851555
8613126936686
8613269133391
8613269939096
8613121658575
8613241305724
8613126563673
8613311199709
8613311022407
8613161616155
8613241312058
8613161497736
8613146907820
8613301360584
8613126971904
8613164253579
8613264370381
8613261584625
8613261632783
8613311556862
8613220174495
8613263292995
8613269041469
8613240005026
8613269090076
8613331183617
8613001045750
8613001238873
8613051581151
8613021994952
8613011112959
8613051423102
8613001952398
8613021136748
8613121895836
8613051981125
8613121222206
8613021981957
8613084077357
8613121823815
8613264578737
8613260366047
8613121092186
8613241091394
8613051582616
8613161917326
8613301028493
8613161348778
8613240263676
8613161099805
8613126758723
8613269757814
8613121916373
8613146342883
8613261796063
8613261420322
8613241308010
8613269492942
8613146442067
8613240806501
8613241955734
8613161250065
8613261862008
8613264583604
8613331186696
8613146551842
8613381035163
8613161250383
8613426093621
8613041054594
8613001119326
8613011831107
8613121295165
8613021078729
8613120082599
8613021184676
8613051438479
8613044472050
8613146785777
8613240149176
8613120117762
8613161687618
8613021101585
8613161853081
8613241214836
8613161092185
8613167598278
8613161033003
8613120340809
8613161306660
8613121352990
8613121413937
8613261028609
8613261360520
8613161043992
8613264473800
8613141360810
8613223325000
8613241908669
8613161237196
8613241525314
8613264231303
8613311259965
8613146230871
8613311263056
8613161128283
8613401184396
8613311033881
8613426316822
8613161859295
8613241059359
8613269056665
8613011867675
8613001086688
8613041160718
8613001964851
8613146053561
8613146230928
8613116071706
8613121076221
8613015736333
8613161361287
8613141290284
8613146957712
8613146823406
8613051640385
8613120098676
8613121476927
8613051942101
8613051571231
8613240928667
8613241634689
8613120107168
8613264396129
8613124778911
8613161588662
8613241721799
8613141314640
8613146711181
8613241448226
8613301115994
8613141377537
8613146731480
8613146565796
8613366209072
8613311019739
8613269138551
8613161652769
8613161276712
8613260278209
8613269637721
8613146456083
8613375555399
8613381021212
8613263453275
8613041159769
8613011167876
8613021295600
8613011111461
8613141324870
8613121263368
8613126806770
8613146333512
8613041137934
8613051829121
8613021987262
8613031192446
8613031006468
8613220585783
8613241306240
8613120003125
8613264057580
8613051663995
8613146168165
8613240085345
8613126870116
8613146705547
8613146613473
8613264410129
8613126632530
8613146651925
8613141341402
8613301025114
8613269904779
8613261266199
8613146197350
8613161239289
8613240401312
8613264063906
8613146053557
8613311392598
8613366617845
8613260134786
8613146670486
8613141423841
8613343082117
8613261241456
8613051274274
8613051395312
8613146203988
8613011053281
8613001161525
8613011249937
8613021130900
8613020075627
8613126954220
8613167516010
8613021922542
8613261567032
8613021931891
8613121836664
8613161665049
8613120085553
8613126558075
8613051711489
8613167583714
8613121726878
8613126754185
8613141079955
8613263157901
8613264193738
8613261057370
8613126817249
8613146614977
8613167562239
8613240411953
8613141488270
8613311253201
8613366048044
8613241373313
8613126790328
8613141191953
8613311143176
8613260221210
8613146395150
8613263166177
8613126991950
8613261231126
8613311367188
8613031166657
8613120301962
8613001271394
8613051066566
8613136749906
8613001971653
8613161863878
8613021215364
8613020836660
8613161161731
8613051795145
8613121915085
8613021210480
8613161132285
8613121459113
8613121333179
8613121568719
8613161610088
8613261105666
8613241967013
8613126763677
8613146414315
8613167357806
8613161807607
8613126514929
8613305385126
8613263150889
8613241088686
8613120166595
8613121750413
8613241409342
8613240984124
8613146315743
8613240745301
8613121508788
8613241334777
8613240954628
8613161762300
8613214062551
8613241237983
8613241550387
8613141331667
8613001900234
8613011899506
8613011223710
8613001228261
8613070197446
8613051370424
8613070137455
8613011298270
8613141010035
8613021009345
8613091339022
8613071119882
8613121349432
8613161290507
8613241163622
8613126564336
8613041046433
8613161994582
8613146782562
8613124773546
8613263401376
8613261899420
8613146758275
8613120049604
8613120031903
8613241336082
8613240094936
8613146063712
8613234593030
8613121225545
8613240194111
8613161135323
8613161668873
8613161110762
8613191177493
8613146990708
8613141145228
8613261536694
8613331033101
8613391638587
8613241990043
8613269433242
8613001099920
8613021114538
8613121144237
8613001939393
8613011137105
8613001102911
8613064077688
8613001063825
8613051593696
8613001938241
8613020058364
8613121163666
8613240428864
8613120334962
8613021027568
8613126520444
8613141395767
8613051119173
8613261527807
8613261101492
8613126816156
8613031118617
8613051902833
8613240467280
8613161951615
8613141356678
8613161127068
8613121017393
8613161896548
8613141442244
8613146465885
8613146227937
8613166587682
8613146696042
8613126983246
8613241836652
8613311005070
8613269175851
8613240076600
8613260480475
8613261507288
8613466307886
8613311559098
8613381127814
8613366286095
8613121144237
8613011183303
8613001230432
8613001218602
8613021024512
8613146974967
8613051683298
8613011248923
8613121505290
8613121187128
8613031166629
8613240399914
8613261033908
8613051724350
8613031090459
8613051510275
8613240200003
8613161890828
8613124755826
8613141082054
8613070109602
8613161340987
8613141416582
8613146368856
8613126656199
8613161466582
8613146205799
8613121311182
8613161562866
8613261080142
8613141122906
8613171171248
8613241324916
8613240980813
8613439268018
8613311293231
8613366752771
8613321157099
8613240483910
8613395372609
8613426485745
8613264280243
8613311132396
8613021021693
8613051172772
8613001033789
8613051902872
8613011848178
8613021021785
8613051339204
8613241748076
8613031177808
8613021903583
8613051491796
8613126601148
8613161875602
8613120231526
8613121665158
8613051387652
8613121115657
8613141373595
8613120412127
8613126535335
8613161276180
8613071180627
8613121016466
8613146867135
8613240472150
8613126817670
8613146469673
8613161118091
8613161456669
8613426241127
8613311166341
8613241505538
8613321132897
8613126974658
8613370139233
8613381069817
8613260336702
8613301148810
8613241170681
8613260064136
8613321106196
8613311070923
8613263380117
8613001019746
8613051573606
8613146797555
8613021906068
8613001257644
8613041162918
8613071119884
8613146064158
8613111617577
8613064058080
8613041138816
8613051703368
8613121115162
8613070156386
8613041233581
8613141141409
8613051153499
8613051270194
8613146267676
8613146644710
8613126723943
8613126608850
8613121922135
8613141240018
8613391671614
8613301388231
8613126693737
8613241946956
8613126598400
8613312193203
8613311396751
8613260008496
8613269977538
8613233098588
8613161103059
8613311006029
8613269670650
8613240306938
8613301066242
8613261656665
8613261826425
8613311576162
8613240946898
8613521214713
8613436900624
8613466335946
8613466537399
8613511056349
8613466526842
8613381029109
8613383733456
8613426467149
8613391801050
8613501231496
8613311521176
8613261462299
8613501165943
8613301270858
8613436861767
8613381073637
8613466310462
8613381197115
8613488726342
8613520745961
8613512270142
8613488881814
8613520098808
8613439432235
8613521681973
8613331196731
8613520041354
8613439431553
8613439669035
8613521346868
8613466792990
8613311163612
8613401117466
8613401199355
8613439892362
8613391657877
8613520615503
8613436717521
8613591994390
8613439981371
8613501158911
8613426152892
8613671387187
8613439296979
8613552053605
8613521922942
8613488821701
8613466624523
8613601020307
8613552168808
8613501220504
8613521208022
8613521533133
8613366087788
8613366639808
8613311055683
8613401110368
8613488879408
8613269690737
8613401000076
8613331115953
8613463936033
8613371731250
8613466503857
8613503209070
8613501318673
8613488839098
8613520043862
8613439195269
8613521389987
8613331159123
8613488875178
8613436983775
8613436538008
8613520808217
8613466394979
8613311004241
8613366979836
8613401019239
8613439785168
8613383052283
8613520095466
8613436521791
8613581979726
8613436952009
8613439736677
8613391678481
8613661307812
8613436804922
8613522845057
8613521667856
8613478231972
8613466311204
8613581853110
8613520379008
8613501003165
8613521168699
8613521334745
8613521996883
8613522424646
8613521379923
8613520781434
8613439197617
8613520002975
8613439940809
8613381210361
8613501096807
8613261216521
8613436967818
8613501281103
8613501265387
8613488836555
8613501350640
8613436822326
8613521272930
8613331069520
8613478560400
8613426379622
8613436415859
8613520516129
8613426060000
8613301345215
8613321195951
8613381213358
8613391848769
8613371772526
8613501091424
8613436518933
8613581622704
8613386335296
8613426473921
8613391525733
8613651208371
8613401030768
8613522690995
8613521452393
8613466322612
8613439858873
8613581750814
8613520205228
8613488713474
8613520508455
8613521247498
8613521911238
8613522358355
8613521247302
8613501085272
8613426321085
8613501314886
8613521927220
8613520173546
8613602644861
8613466746800
8613552565464
8613520737597
8613501135079
8613366689386
8613301372779
8613345277778
8613521266915
8613331023228
8613466690485
8613426313925
8613426450132
8613520490733
8613401180667
8613263280726
8613311576269
8613366999011
8613370137522
8613366766786
8613488792628
8613391507039
8613552984842
8613381284212
8613366549130
8613381200265
8613651149817
8613391828635
8613521478004
8613520825242
8613439191660
8613436541141
8613552460340
8613520132948
8613466702165
8613520019757
8613521088090
8613521399701
8613522199636
8613521118485
8613488829608
8613403537170
8613501126320
8613521855307
8613520122402
8613581633071
8613439380640
8613522987529
8613520092994
8613501379720
8613552002206
8613466377864
8613521616564
8613466506162
8613391598913
8613521890831
8613501108003
8613439723111
8613371719957
8613381205397
8613261026297
8613311567992
8613366520583
8613366058560
8613366398093
8613488734219
8613311326297
8613552315077
8613366261833
8613311532959
8613381131612
8613641128382
8613381215033
8613520189829
8613520593158
8613436992708
8613436482869
8613522852132
8613520115765
8613466661724
8613512962738
8613520719397
8613511086852
8613522018848
8613520958956
8613488702943
8613381199369
8613488677514
8613521325910
8613511063889
8613581606929
8613439022173
8613522780606
8613501349280
8613439968742
8613522910743
8613439968860
8613521448096
8613436964320
8613381111365
8613520763103
8613391998678
8613501303146
8613488732177
8613521135818
8613466689806
8613381393985
8613331107077
8613501257654
8613520185978
8613439156884
8613269273856
8613521751398
8613363830557
8613311050290
8613373022866
8613621125737
8613370140680
8613520067864
8613501029814
8613436950785
8613436352456
8613521780407
8613488658527
8613463983930
8613511077808
8613520451352
8613511001869
8613520002814
8613520953195
8613466772708
8613381015260
8613439088588
8613521164285
8613511000655
8613552725655
8613401139504
8613522437603
8613501109959
8613439483203
8613522278421
8613439289588
8613521080731
8613426061216
8613311578713
8613520569572
8613341037259
8613501176576
8613466764662
8613521085843
8613466329854
8613521933990
8613521352170
8613522301036
8613520299346
8613521161332
8613521466520