8618333518963
8615010265695
8613716873990
8613911584096
8613466791990
8618500364697
8613691406146
8615201291012
8615811508364
8618611716818
8613683333612
8615001216574
8613264398387
8613522333833
8618601194680
8615210489652
8615810109634
8618600396632
8613161596156
8613466326416
8618601938930
8613906211906
8613611221501
8613911483810
8618346064959
8618910717930
8613661355423
8618618423865
8618514026804
8613901155962
8615001175073
8613552776025
8618513980401
8613261982452
8613752242966
8615510109951
8618500537151
8618622701670
8615810594329
8615911156665
8613141191953
8613120402167
8615045112304
8613718909926
8618810883913
8613511013028
8613522464738
8615910509792
8618611991051
8618610828688
8618600886935
8613522939998
8613653104823
8618741026077
8618601171681
8618701019626
8618911310794
8613601188269
8613240974761
8615601283638
8613261897538
8615810087097
8615505410531
8618613807620
8613801112126
8618611959267
8613811163497
8613671101525
8613931573113
8615850748179
8613552935049
8613718842570
8618500224683
8615165187008
8615210580636
8613661296819
8618612931101
8613911299335
8613801154033
8618360013488
8618610750176
8613901033726
8618612947323
8618811104691
8613913920022
8618631403252
8618678789658
8613120366195
8613911015139
8613811761943
8613240796734
8613121166658
8613651156165
8615810642635
8618210857210
8613021215927
8618611319818
8618301566977
8615010604835
8618101068646
8613522073559
8613691566728
8618810801019
8613718298710
8613834889530
8618611790556
8615210159893
8613693220704
8613810911816
8613910892736
8618610093645
8618601295370
8615699891120
8618514019114
8615110073525
8613701311191
8613910841108
8613671238401
8618810976629
8618301612430
8613651356653
8613716425798
8615011326289
8618779433583
8618201122038
8613693560203
8613581751833
8613241633809
8615101024805
8613073566827
8613901033579
8613701387702
8613520376659
8618303458792
8618611586170
8613701205895
8615810679795
8618911962865
8618612587918
8618501154088
8613051398567
8613241967013
8618710150615
8618911278470
8615821855545
8613718995717
8618618338106
8618601063342
8617093245159
8618632111559
8618600018625
8613718420930
8613717896541
8618612118288
8613264000520
8618101353603
8615510722127
8615811229902
8613466310462
8613810599809
8618601007080
8613701311115
8618501134568
8618731451086
8613651156305
8615510101516
8613720010336
8615010814260
8618910490282
8613901392896
8613801339257
8615555221986
8613051625737
8618600380645
8613522673933
8613603154581
8613051501263
8613911757056
8618601063369
8618612034759
8613426005677
8618611700058
8613161368776
8613716090400
8613691583169
8613718568931
8615383861325
8613911505793
8613811091323
8618701081600
8618910599500
8613126656199
8618600676368
8618630315280
8613683183716
8613311132272
8615724709142
8613311010298
8618810528707
8618850580158
8618500805110
8613521372873
8613681016932
8613716188663
8613811789434
8613161596261
8615313186020
8613811959667
8613810927073
8618511788320
8618301624075
8618618119525
8618611643390
8613501200086
8618811646356
8613501391211
8618301091783
8613681455523
8618600699908
8615843036529
8613810292920
8613651212200
8613261080142
8615311952713
8613716434044
8618601044308
8618500432228
8618612632491
8615699778177
8618611643367
8613911196432
8618611513156
8615536289377
8613718041239
8615522672875
8618611217519
8618511897620
8613520286767
8613041245766
8615801594094
8613681229276
8613521914559
8613436537956
8618513883398
8613911271431
8613522979463
8618611783823
8613520447682
8615699702101
8613094963893
8613683558840
8613120087806
8618600195210
8613269133409
8613801219952
8618613369557
8618600847071
8618801064925
8615369913551
8613241557061
8618701042126
8613666701125
8613124794538
8618911278388
8618500612112
8615128887599
8613439590921
8615510141855
8615801663741
8613520801183
8613641103001
8615801663745
8613263133066
8615650108783
8613911712066
8618210978781
8618610939223
8618618375657
8618701593595
8615810722021
8618910722091
8613910704352
8613810109476
8615510846663
8613521896036
8613901376211
8618600770941
8618665225453
8615311318260
8618518985779
8613716035223
8613031130190
8618612826378
8613683585900
8618610066755
8613126792029
8613581504626
8618618436005
8615663839000
8613601368950
8618705701113
8613331045076
8615212274777
8618500331773
8615262287868
8613681335254
8613716715156
8613428283730
8615810662316
8613521491801
8618515286951
8613001033789
8613241461966
8613522569632
8618618329817
8618211082875
8615110151877
8613439187441
8615210518129
8617090889237
8615010181877
8618610124181
8613001145752
8613070170866
8618686860006
8613520047758
8618511102283
8613436921203
8613611314104
8618618387028
8618518076827
8613521460481
8613141055650
8613691437199
8615910588779
8615652591925
8613820679972
8615233757879
8615201616165
8613910716111
8615910285681
8613910918981
8613691114369
8618612257594
8613633305152
8615601129812
8613121076221
8613911969169
8613051819934
8613717663325
8613661128400
8618610066711
8613661222105
8613120266567
8613910262387
8618610590956
8613621083221
8618675218181
8618501954085
8617090358321
8613120474067
8615201645023
8618801191974
8618602725345
8615239999581
8618231654498
8613716802959
8618201643844
8613260015163
8618210133303
8615650766392
8615011035101
8613141404878
8613516124138
8613161583841
8618500716442
8613718866123
8615601095970
8613910680077
8618810408344
8618612212785
8615801578005
8618001377301
8613520136126
8615910509589
8615801550339
8613260136960
8613718815229
8618800076528
8613051565190
8615031392266
8613810784820
8618618338321
8615727320918
8615210629962
8618510024766
8613771100958
8613811049041
8615001216319
8613718208547
8615801178796
8618901187288
8618210624895
8618600171739
8615711177407
8613910526623
8613701364026
8615011440984
8615301035161
8615801408884
8613241557333
8613126652023
8618600457199
8613581698911
8613520798689
8613381315093
8618600166016
8618612897472
8615117919603
8615724732793
8618001155167
8613521566964
8613264147033
8615910572056
8613811929981
8618511994299
8615234865852
8613621137386
8613683076625
8615600328898
8615810093200
8618234121316
8613520342963
8613426293386
8618513902019
8613811119730
8618611355576
8613911302657
8615611270749
8615510384396
8618601007474
8618500503138
8613671295878
8618518760085
8615801608913
8615724750362
8618701181236
8613810525310
8613611298642
8618701288559
8618515690040
8615210477353
8613146890191
8613552935260
8618701019893
8618811212789
8615901315688
8618611812323
8613483447871
8618611888827
8615732526006
8618513980057
8613251654449
8613269280898
8615910421827
8613718378328
8613911150885
8613031059869
8615010181716
8618601250428
8615510687633
8615601312829
8618515829250
8615210659713
8615801493481
8618612069106
8618701483275
8613802176437
8613426219216
8618810990623
8618513880999
8618612408833
8618612826490
8615856845717
8618310070392
8613811757066
8613051812916
8615801585552
8613661233106
8613811262783
8618210735076
8615547113381
8618341835566
8615201011341
8613593536196
8613925071168
8613703283294
8613366912371
8615147755972
8618612648905
8613621128926
8618601036864
8613261266199
8613552528997
8618810798956
8613520766713
8613466626338
8613910631623
8613932635183
8613263166177
8618210616798
8613701001980
8613651016426
8615910987365
8618600018870
8618201253488
8618610316468
8613581776389
8618813032246
8613716552822
8618518796359
8615210836109
8615901268115
8618511146420
8618513623610
8618263213352
8618611422288
8618801215699
8618611655642
8615991189186
8613520399997
8615910397854
8613641151650
8618801057304
8613716116408
8618611037335
8618611712269
8615801335832
8613505620856
8613681082433
8613488793983
8613811414076
8618610066601
8618811508284
8618710178217
8613578583551
8615976963346
8618515421994
8613693298827
8618518410858
8618513107255
8613701398005
8618500273579
8615011476671
8613613429716
8613683308606
8613798608900
8618612107216
8615010867895
8618810024869
8615010862630
8615010862631
8615810326605
8613146417665
8615611009821
8613901208776
8613555173237
8613801203789
8615001314308
8615117992945
8613146533420
8613261897619
8613811534393
8615116918608
8618811199277
8613501368197
8615201553141
8613467118012
8613811056383
8613613360957
8618600786675
8615203512325
8618612466505
8613521699055
8618910535679
8615810023216
8615001314358
8613141112516
8618600464985
8613811888173
8618501154231
8615848128121
8613683356854
8618911522234
8615811102794
8613466335946
8613581852627
8618513627989
8615727313283
8618600551526
8613691236204
8618810269890
8613521355920
8613701262576
8615810868222
8615201221960
8615901252230
8613717818343
8618614263007
8613671331367
8613261176558
8613681462351
8615811088759
8615201611831
8615116938162
8613801027384
8618813151671
8618301220448
8613811323223
8615010148587
8613911015251
8613621313788
8613240469563
8613522868318
8615810116619
8613436691095
8618201015551
8618620110400
8618600672165
8618501310221
8613811577727
8613439652286
8613146063712
8618611643109
8615801389522
8613866415570
8618610721625
8613810811169
8613260004303
8613582414756
8618301468036
8613716081908
8613671295755
8618211037086
8618610285891
8615011260780
8615010405676
8613683044235
8615711170163
8613810280108
8613901131462
8618611345587
8613121318989
8613693069269
8613661296364
8618611037490
8615600290672
8613488879408
8615801651706
8615101015991
8618601339932
8615083931507
8613911224293
8613811163954
8615600290646
8618513149923
8618516801317
8613161511386
8613810307810
8618210980409
8613842786718
8613521174558
8613681230394
8618614082402
8613716992723
8615810245773
8618518154518
8613146963515
8618810883536
8618513234711
8613706274396
8618501927043
8613621206353
8613522204622
8613126983616
8613552820039
8618301595386
8618401568896
8613811119176
8613691266081
8613716754430
8618701476334
8613651397593
8613439866368
8613621075521
8613261720100
8613716334969
8613994346723
8618500133116
8613141373097
8613301160356
8618600747362
8615210627847
8613611324807
8615117919371
8615810722582
8613716754495
8615210345204
8615001253828
8615210207940
8618435135475
8618610848044
8618910885217
8613651182718
8613801323605
8615501221331
8613521401071
8613661222734
8615133951162
8613501085945
8618811071626
8618600968060
8618601019918
8613501347612
8613910556855
8618710150978
8618701103327
8613810366003
8613911183192
8613691015255
8613051621077
8613820142235
8613810834663
8618518977257
8613621048679
8613466425324
8613701371491
8613911584485
8615201699206
8615901529310
8613701157548
8618801337205
8613522506337
8613910593616
8618611102524
8613661101929
8613124767136
8613466749406
8615210244599
8618810953277
8613811432476
8613889438239
8615210333711
8613651325856
8618610945348
8613222404448
8613683685722
8618810323521
8618310750115
8618600418520
8613522979104
8613910078070
8613811883443
8613501051023
8618513736776
8613260193020
8613718770751
8613911695719
8615652909307
8613621230983
8618910237373
8618515039990
8615804806417
8618098348997
8613810749019
8613522366739
8615611192794
8613693647666
8615801478403
8613911011319
8618612931533
8613716953527
8613621083804
8615811027612
8613811815175
8618519688919
8613552092717
8618519688918
8615924433213
8613552788890
8615101098548
8615110267939
8613717557833
8618911766177
8615810087496
8618610119215
8613701017550
8618911270267
8618646150566
8615811266724
8613501131110
8618600759011
8613439547932
8618618125668
8618840861873
8618600100521
8615650771107
8613621044021
8613611249681
8613681230315
8613701189056
8613601168253
8613611249699
8613581633100
8618623307661
8613269972280
8618611295808
8613641251289
8613811163852
8613911909044
8618511881177
8618618217822
8618610322043
8613488867219
8618600820382
8615127812071
8618514282989
8613811056284
8613011147204
8618911356306
8613501385607
8613521166500
8615600122940
8613911113441
8613439296979
8618911774313
8618614075900
8618612640665
8618810844410
8613121197619
8613522111595
8613264454506
8618810563441
8618611390828
8613070197446
8618601209705
8613718203116
8613811316262
8618600631261
8618801120491
8613911441518
8618811458141
8613917036356
8615201040393
8613261720038
8613520035269
8618618226692
8618600631285
8618701420720
8613120453913
8615910447299
8618911385516
8615040618086
8618819066724
8613520805203
8618801486884
8613691289794
8613126862361
8618310210385
8615510543118
8613391708118
8615911084582
8615210506692
8615801318066
8618610697151
8615011068055
8615650700729
8613717561518
8613020218888
8615110073960
8613161110762
8613691364431
8615205753217
8613716634156
8618504315135
8613948413622
8618611513557
8618610697139
8613581686876
8613716303260
8618511677086
8618346021082
8618813130422
8615910637346
8613161861365
8615201048826
8615950426806
8618810311146
8618910097666
8618612814368
8613911268459
8618301069161
8613911290120
8613439524060
8615526857772
8613910708584
8618511141605
8613691517545
8618518675110
8618515663178
8613683639195
8613031116946
8613718727870
8613601067091
8618691866646
8613693146760
8613693396618
8618501274606
8613901143966
8613269353080
8618805065079
8613701357168
8613264061598
8613512996629
8618612977986
8613691108632
8613261643072
8618500905131
8618511308037
8613581996249
8618001305061
8613167536603
8613905525033
8613269273856
8615611866687
8613691534953
8618588598677
8618502119021
8613716722221
8615811154663
8618210300756
8615910393167
8618346359178
8613910032279
8618612278381
8618631369835
8618601183603
8618813112881
8613520613950
8615201660290
8615711039066
8613910078170
8618001373092
8618210914601
8613653141503
8618633771033
8618301087782
8618303209332
8615834629870
8613681559366
8613651331873
8613717736181
8617600873282
8613311518132
8615203410445
8613311530852
8613521555460
8618704786061
8613910080923
8613910078185
8613691155957
8613910534173
8613718995246
8618611586671
8618611406282
8618610934677
8615210976316
8618618312271
8618519688812
8618600672365
8615901585083
8615510932660
8613910970588
8618618329203
8618611917169
8613834084918
8615910319062
8618612992443
8615205594248
8615801306520
8618731036112
8618601393806
8618901152638
8613522321887
8615210251975
8613811982644
8613911652134
8613581669423
8618910759389
8618231234626
8618513149881
8613261232915
8613718208648
8613001929614
8618611312399
8613911736425
8613910692052
8618636606351
8613661045797
8613910926406
8618032939861
8613717630998
8613021078729
8613601327978
8613520805270
8613811505509
8613667971731
8613810257685
8615501236650
8613661133120
8613801010326
8615135057461
8618310940358
8613521326595
8618718560571
8618301026733
8618611984053
8615501226716
8613401139504
8615612210333
8615910607250
8613718505064
8615801408750
8618610100663
8618610100665
8618301619731
8618701098660
8615024972996
8618510626227
8615802393199
8613488813592
8613264363704
8613621160072
8618610480228
8615811491886
8613521314913
8613552986577
8615120000434
8613811091721
8613521896429
8618611699485
8617701257508
8618611102676
8613161360656
8615098856995
8613633174929
8613691492731
8613889320277
8613691369796
8613520703613
8618602277811
8615011250657
8618611805058
8618612747174
8618801057666
8618210245822
8613032005089
8613001260826
8613621017450
8613381468207
8618600985559
8613261556070
8615007009706
8615001109103
8613021215364
8615810426088
8613671008717
8613521789735
8618500032489
8613522506599
8613051948258
8615011197573
8615641666058
8615801089959
8613810257610
8618722331017
8613240426620
8613811796637
8613811665141
8613141208321
8615081676439
8613691229231
8613621344602
8613141229160
8618611959967
8613581996343
8615128447711
8618611345336
8613811247663
8615933796458
8615810004756
8618612257194
8618301087636
8613681327993
8615120045401
8618610906556
8618611224501
8615801503454
8618612041207
8618611351494
8613801323892
8618310835619
8618910698497
8615652216570
8613910380132
8613520462536
8618611787941
8618631391200
8618638034001
8618801257117
8613911804525
8613718275679
8613661096133
8613683522142
8618600502734
8615510575884
8613911753150
8618404975689
8613488748331
8618610361379
8615727313819
8618610564692
8618612257137
8618810260405
8618247986466
8613601303284
8618676757447
8615210029742
8613701368949
8613931495842
8618601369349
8613504808662
8618911310124
8618601244922
8615618023776
8613240164678
8615011486550
8615501019976
8618665900783
8618518767626
8613501229006
8615033551216
8613946345111
8618515122978
8618610806714
8618210383015
8615010337829
8615910614181
8613641235522
8615611114337
8618600585641
8613071175002
8613269285281
8615718871588
8618611783753
8613146764086
8615210240104
8618513398581
8618210127330
8618689612985
8613521333035
8613601003508
8613001938385
8613693197652
8613801105719
8613683035096
8618910249716
8615901175202
8615210803578
8618500401109
8618810794176
8618101053652
8618610261388
8613522868019
8615811115208
8615120084520
8613552099965
8615901097993
8613521127278
8615010799188
8618234475430
8613716207719
8618638291512
8613103242130
8615626558037
8615810527131
8613520388429
8618601194435
8615101170752
8618622538889
8618601262406
8613311367581
8615117934096
8618612334291
8618301376706
8618611304404
8613269617116
8615200014801
8618632600675
8618519108584
8618534708062
8613811091625
8613910322036
8613581587439
8613963304878
8618518011083
8618613837946
8615712878030
8618811321425
8618301232521
8618673438360
8615811254113
8613581728086
8618505441020
8613021045593
8615801155562
8613121383137
8613940168637
8618810371690
8618210729312
8613522552017
8613391951268
8613146178660
8613439055276
8615510693343
8615650766064
8615810279547
8613011075147
8615810361847
8618911373704
8613716110766
8618601589667
8615810557361
8618600711165
8613269498651
8615996198519
8613810126224
8613811720127
8613691562603
8618665548991
8613605466025
8613835882022
8613691500522
8615652414284
8613051247107
8615001004730
8615201037215
8613611298055
8615116989319
8613910522667
8613911385565
8615201359620
8618301591258
8613716866343
8615301155256
8615810722624
8618510387095
8613683076032
8613439762201
8618611962121
8613601262428
8618301161731
8615589650650
8618641895533
8615395587518
8615811266566
8615130425855
8613522364001
8613716581244
8613910002382
8613901026712
8613269123496
8615652827003
8615201350299
8613564820759
8615128813913
8615699916029
8615110090336
8618610945771
8618515531851
8613161588662
8613661128117
8618515286418
8613260354345
8618610278654
8618610865423
8618657946128
8613801323752
8617710257581
8613001260781
8613810433926
8618501134379
8613391854596
8618502339327
8615120084620
8613521154070
8618600512045
8613120091070
8618500176658
8613810796030
8618513179558
8615810354339
8613321192757
8613810353875
8618515066564
8615001036045
8613720083249
8618600585735
8615010692952
8613911154862
8618210383103
8618710192172
8618810371637
8618611655278
8618610831517
8613173034114
8618611197690
8618518675368
8613716207895
8615910992033
8618611144036
8613241539628
8618611096578
8615922230469
8615810703630
8618211163063
8613585451399
8613167390668
8618910486009
8613469336540
8615801580966
8613611320526
8618668931024
8615001192348
8613910234023
8613391810516
8615822675562
8618600418689
8613643433870
8618515062073
8613641229067
8613692262012
8613693582196
8613121915514
8613261369315
8613521801722
8615718820838
8618610939013
8618601990557
8618611197743
8613146673981
8618701609021
8618612509790
8618210127428
8618610638100
8617731686310
8613152130182
8613910982353
8613521981129
8613911804354
8613260139909
8613716188002
8618133618687
8613261593229
8613911060423
8613699121837
8618500581702
8615811412006
8618657433185
8613241868858
8615001053258
8613621165848
8613621176962
8613450261420
8615175052071
8613522986543
8613501051172
8613146465885
8613241377318
8613001938241
8615133092080
8615001126936
8618835958246
8615023198652
8613581640541
8618610255069
8613810265734
8615010004777
8613911952865
8613522517659
8618500122727
8615811529432
8613693141095
8615210426406
8615810753632
8613911790397
8618800035575
8613146417221
8618612212214
8613601288496
8618612636141
8618701019376
8613811091530
8615910421479
8613260180710
8618612212202
8613241789089
8613581868155
8618701476098
8613621132888
8615810642736
8613552262990
8613911023402
8613146262053
8613699133589
8613522898589
8615611411622
8615910709420
8615810459143
