460-35-131124-45;5233;1121;213253
460-54-555123-22;5355;3441;345352
460-31-231222-42;1141;2255;211155
460-43-435433-53;1335;3455;621213
460-44-321435-44;1314;4421;631244
460-25-311114-41;3225;2111;314525
460-44-431515-23;2422;1414;541553
460-31-112412-33;3544;3325;214152
460-33-111343-42;3542;3115;424512
460-53-253134-53;3544;1154;532213
460-32-532234-42;3155;3132;332332
460-15-354323-53;3252;4411;151254
460-43-443515-44;5533;5452;644544
460-12-144111-35;5441;3421;113143
460-31-215111-51;5533;1443;513231
460-11-253454-13;4513;4333;143523
460-45-544423-15;1432;2422;653533
460-21-225425-21;3251;1222;545545
460-15-145113-45;1441;5331;525421
460-23-412343-12;1145;4524;641354
460-14-335243-31;2354;2121;215342
460-42-525322-54;5442;3124;612252
460-52-353231-42;4241;5351;231333
460-12-545521-53;4552;4433;235312
460-55-114431-55;4434;5122;223243
460-13-325525-12;2411;3341;415112
460-21-413232-14;3411;1311;112153
460-21-322245-32;3521;4111;643513
460-14-541121-41;2454;5533;511532
460-52-522314-13;3143;4244;645413
460-53-124252-44;5552;2445;141553
460-52-241534-22;1234;4254;465421
460-41-133214-44;4324;5152;131554
460-44-313141-13;5531;4144;375555
460-42-411254-54;1424;4124;502135
460-24-524213-42;2514;4121;613313
460-31-115531-35;3221;4254;653342
460-11-353341-55;3133;2141;431152
460-23-512555-42;5134;4331;544224
460-25-121331-55;4245;2431;423252
460-33-334431-44;5524;1124;363545
460-53-431522-31;3152;2124;634521
460-13-434425-31;4434;2553;443455
460-13-143133-11;4251;3541;611124
460-53-155315-45;3532;2323;424235
460-42-552331-25;2233;2235;542121
460-22-142252-53;3355;4553;234113
460-52-141554-32;5151;2154;335132
460-52-154454-54;3553;4353;225324
460-14-424151-14;4413;5313;322221
460-21-224444-45;5533;5133;343315
460-15-253213-51;3141;3142;544355
460-44-454144-13;4552;4454;543155
460-43-413222-51;1351;5115;332123
460-53-352234-53;5554;3441;443221
460-53-444514-14;3454;3434;454311
460-25-324224-55;5322;3215;325155
460-22-441213-34;1133;5111;624535
460-22-453111-42;5211;4115;462215
460-52-312221-44;5525;1312;645313
460-24-425524-24;4415;2413;655543
460-42-112114-55;4411;5212;462112
460-11-542451-53;5331;1444;352315
460-45-212512-24;5333;4242;611125
460-21-212211-14;1223;2331;364143
460-43-554325-43;3521;2334;324253
460-35-514532-54;2334;2512;464435
460-32-544342-52;3433;1425;213414
460-45-323554-55;3435;3433;435351
460-21-225225-41;5213;3411;212232
460-55-142331-51;3551;3253;365212
460-15-443415-55;1511;4221;351235
460-23-415231-24;4254;1454;372152
460-55-342534-53;5531;5232;133233
460-55-431143-34;4244;4112;344433
460-32-144533-12;4125;1532;614354
460-51-442532-13;1131;4432;231434
460-35-443345-42;2115;5513;514535
460-54-511541-33;4124;5111;135451
460-14-435314-21;5125;3231;624245
460-33-312124-11;2144;1531;365312
460-14-452215-44;2144;5135;155554
460-12-534414-53;2354;4153;411412
460-11-123524-55;3522;5555;322553
460-53-552223-24;2242;1145;513422
460-42-424253-51;2534;5112;612251
460-41-212411-22;1334;5432;535345
460-34-131344-12;5435;5544;431423
460-42-253451-25;2211;4415;512212
460-53-251352-24;2322;5411;632122
460-32-253411-45;2313;3325;462123
460-51-325332-45;4451;1142;113232
460-11-131441-35;3215;1323;425424
460-32-525415-35;1412;3112;323445
460-21-121153-55;2452;5413;464445
460-51-514543-23;4441;5551;644441
460-14-545113-45;4354;5531;152534
460-21-211451-12;3441;4534;375522
460-33-233545-15;1131;1543;234124
460-31-435312-51;3222;2544;623141
460-13-413315-21;3555;5335;212214
460-23-151354-55;4442;2224;115532
460-21-544433-53;2232;4412;111253
460-12-141413-14;2421;2312;542421
460-25-532553-12;1114;3531;512541
460-22-331153-21;1133;1541;121125
460-21-414312-41;5143;3543;453111
460-44-141132-42;3415;1335;625155
460-32-532423-52;4412;4351;355153
460-51-542325-23;2111;4333;414555
460-12-352351-53;3232;4312;541331
460-15-124425-31;1321;5115;122315
460-15-442122-33;5124;2554;545244
460-32-441541-51;3114;2552;523114
460-14-232334-11;2313;2342;122234
460-23-341533-32;1232;5453;374133
460-11-253112-11;5212;4253;523425
460-32-334413-35;2351;2234;223113
460-41-432342-11;1142;4123;631231
460-15-253214-25;2225;3452;122134
460-11-324113-11;2341;3125;133335
460-14-341152-34;5443;5525;315123
460-43-124213-32;5545;1423;443112
460-41-212534-41;5323;1151;355433
460-41-541432-51;5212;4424;225225
460-22-224134-14;1352;3432;312515
460-15-422521-54;3122;1541;522451
460-45-543411-44;1323;5353;453153
460-52-235315-53;2314;4545;231235
460-21-245232-23;2342;5234;131134
460-13-313342-24;4444;4525;642344
460-13-451135-32;4334;3432;525531
460-45-153424-55;5133;2241;325153
460-32-542125-33;1244;4322;621213
460-55-352414-43;1551;4352;321245
460-35-223221-43;2444;1142;645533
460-25-113555-31;3543;4125;522554
460-35-525145-32;3124;4525;323133
460-44-323541-44;4541;1344;144432
460-15-443331-33;2124;2123;134222
460-44-414214-34;3113;1131;412242
460-44-412151-12;1214;5433;224345
460-24-143213-24;5314;2421;502313
460-25-441513-52;2311;2514;621342
460-33-243115-14;4512;1112;224125
460-11-212542-22;5351;5553;651125
460-23-322323-34;3221;1324;121222
460-14-145322-35;1131;1245;314234
460-55-332332-52;3514;2524;422315
460-44-135145-55;3512;3115;155115
460-13-445515-41;5352;2321;653254
460-41-351531-31;5143;4312;423235
460-13-331345-45;4323;1341;214344
460-14-534555-41;1211;4351;112245
460-31-445313-11;5552;2524;431345
460-35-435252-11;5355;4251;632454
460-12-443144-51;5531;2523;144513
460-22-122535-44;5312;4524;134514
460-21-453453-21;5333;1313;504254
460-52-122155-21;4114;4144;314435
460-15-343142-33;1433;5211;423322
460-45-225121-53;3554;3114;144343
460-13-442545-44;4414;2134;344532
460-34-144141-51;1523;3241;234533
460-52-522333-21;4344;2344;462425
460-13-212354-25;5155;5235;134254
460-14-212531-55;1441;3531;233131
460-41-452245-41;4555;2342;325111
460-33-411255-52;5525;3345;125342
460-41-334424-31;1552;5435;324345
460-51-444512-13;2351;1312;345515
460-33-222522-11;4254;1511;521435
460-23-244422-31;3223;5113;222512
460-35-245142-32;1123;2413;414213
460-34-445551-23;2442;2511;635112
460-31-513215-14;1422;1353;114524
460-54-343324-15;5313;5141;654235
460-25-425524-13;1345;2515;365342
460-34-553154-13;4421;2141;455212
460-25-253533-22;2215;1545;143225
460-53-432424-11;5551;2235;655252
460-53-123542-51;1122;2414;211511
460-42-132522-41;3435;5222;415334
460-44-552551-14;3122;4334;215551
460-35-523315-21;2342;3313;422241
460-23-354153-45;5425;2112;222243
460-12-321423-41;2312;1224;522323
460-52-422125-25;1543;1311;231513
460-54-214331-43;4325;5532;652255
460-13-455152-32;1144;3331;343332
460-11-541252-24;5341;1352;151431
460-53-213241-24;2332;4153;233532
460-21-115531-23;5351;1451;424232
460-45-523251-35;5525;1141;425351
460-55-125533-25;4133;1353;645421
460-35-412241-24;1412;4534;625244
460-53-455412-11;5321;5424;624513
460-54-153534-32;4215;2251;363514
460-14-334535-45;2251;2143;465321
460-34-112242-53;4542;5331;431241
460-53-542352-12;4111;1325;653413
460-35-521552-55;4321;4411;321513
460-15-135341-22;3532;4521;232115
460-23-522434-41;2342;5531;645134
460-54-224231-22;2552;4534;113144
460-51-154225-55;3353;2252;121522
460-21-454132-54;1534;4544;224432
460-43-534315-34;5434;1254;461552
460-13-124411-32;5315;3445;374142
460-53-453122-24;2541;3453;354553
460-42-352532-13;1153;1543;615244
460-14-313423-23;1215;3252;654313
460-55-545112-45;5151;5241;544425
460-23-243344-23;5232;1114;645223
460-55-222114-42;2421;5213;361453
460-12-151142-41;2141;1411;414315
460-54-435543-15;5143;2343;335424
460-35-232121-43;3243;5113;152525
460-51-533511-51;5533;1423;523554
460-21-352134-22;1341;3424;371122
460-22-541252-24;5123;5215;543413
460-21-352531-33;1213;5541;441251
460-22-215233-15;1154;1453;355124
460-12-145412-43;1242;5454;221444
460-31-122331-34;1331;5135;505215
460-55-253525-11;3154;3243;151544
460-51-424554-35;2311;5332;613515
460-23-352331-41;1353;1553;125344
460-13-441323-23;2343;3541;655111
460-21-352314-44;1255;2414;465515
460-53-122512-34;2135;4533;623121
460-55-432312-22;5421;4434;115421
460-23-313522-22;2552;3332;505334
460-23-412124-23;4311;1111;523111
460-25-314312-24;2544;5231;312514
460-53-121215-22;4151;3323;212524
460-44-322412-23;5122;4445;143434
460-23-241441-25;5331;4233;614152
460-55-115112-33;5523;5223;415135
460-45-532231-33;4412;2151;313124
460-14-152433-25;5515;1255;355224
460-43-311253-43;3453;2455;154332
460-44-255211-24;1232;5223;545435
460-44-142235-24;2555;4145;144454
460-33-524354-11;5234;4425;345114
460-14-212232-52;2541;1331;133431
460-21-323232-21;5214;4551;433232
460-43-412214-51;3245;2431;235131
460-32-133145-33;3153;5511;112452
460-34-212514-33;4142;1213;152323
460-41-154341-42;2315;1431;442355
460-12-143414-45;2244;5352;613332
460-31-552152-41;2333;3425;615451
460-45-415334-34;3315;3423;503353
460-44-135112-15;2214;5244;423334
460-51-342131-25;2434;1515;153223
460-22-231422-45;4352;3222;151333
460-31-542145-21;5454;5311;312352
460-53-542451-45;3331;2312;613133
460-25-241444-34;5155;3341;324434
460-43-452224-31;2332;5254;331111
460-25-545434-44;4415;1414;624125
460-21-553525-12;5122;2534;643122
460-43-345155-41;1334;5123;642311
460-13-324434-21;2445;5441;114254
460-15-532315-14;5425;1553;313545
460-32-323211-53;5121;1243;431331
460-22-225543-41;5143;3135;632254
460-21-531113-41;5245;2322;632311
460-32-431235-31;2412;4341;344522
460-44-452141-54;4131;4443;511242
460-31-252414-55;3232;2433;522114
460-21-443324-23;5355;1341;111335
460-41-321123-52;3515;1152;645333
460-43-152435-14;3232;3353;311115
460-22-542344-11;3314;1224;144255
460-52-133232-45;2534;3455;423424
460-44-514132-12;3552;4353;465231
460-32-521511-51;1452;1334;375512
460-51-443545-21;3214;1313;372233
460-13-215152-32;4414;1331;335131
460-34-252144-43;1144;1323;634353
460-42-222332-52;2252;3525;412424
460-45-144553-11;1545;5222;653314
460-53-133131-55;3251;1353;635242
460-23-333334-14;5445;2341;315345
460-55-343443-23;3432;1555;224325
460-43-355534-43;5532;3325;441325
460-51-431231-12;3422;1211;462542
460-23-443451-42;1331;3535;412321
460-12-341534-52;2432;5435;452154
460-55-333155-23;2555;5111;224225
460-42-312354-23;3134;5443;531145
460-55-124441-33;2354;5251;144535
460-53-422455-32;5311;5452;332111
460-32-525423-34;5542;4221;612243
460-31-235315-51;2221;4151;535315
460-14-141542-34;4234;3224;122455
460-55-442521-44;5542;4312;423332
460-55-433325-41;4424;1232;445124
460-32-151125-35;1322;2521;452133
460-55-414315-21;4315;2512;505455
460-21-543143-43;3125;2351;325414
460-55-235224-14;4233;1554;355235
460-44-422242-53;1142;4254;652421
460-25-212511-32;5144;1244;634435
460-42-522335-13;3444;3533;221251
460-53-125523-12;5223;1523;152525
460-25-225433-21;5114;5323;124214
460-33-154531-32;5331;3133;502235
460-25-333341-15;5332;1251;232253
460-11-415554-13;3123;2123;652232
460-22-531115-12;1355;3341;502555
460-14-115412-21;1334;2311;432115
460-32-453535-25;5421;4425;542324
460-12-141525-11;2431;3455;512124
460-54-511444-52;4511;3222;444434
460-12-445235-45;2152;1335;335245
460-34-421223-54;2452;5442;111555
460-24-241412-24;5131;2524;212132
460-35-511535-25;1443;2542;625135
460-33-145451-41;1135;3355;453422
460-15-224435-25;5315;3511;322413
460-14-215423-32;3445;4531;314434
460-15-225153-23;4114;5525;334355
460-55-151434-52;4421;4443;135133
460-33-535154-32;3132;4541;443231
460-33-343414-51;3115;3345;313254
460-25-153324-12;2332;2232;654415
460-12-153545-54;2421;4234;154535
460-55-331232-32;5325;1211;114514
460-13-124241-42;4522;5425;215543
460-43-432145-53;3432;2422;424141
460-21-324135-12;4112;4351;504111
460-41-211525-52;5451;2542;544333
460-41-342211-52;5235;3134;372244
460-35-425111-53;1411;5251;445253
460-53-434144-32;2345;2513;424353
460-52-344125-55;4545;1254;525122
460-14-342353-14;2412;2111;411411
460-43-513154-43;3442;5143;375424
460-31-433144-35;2533;1214;502154
460-11-533453-45;2232;2133;225155
460-23-253355-41;5233;3134;464134
460-34-235513-54;4115;2544;422215
460-12-413135-42;2343;4141;614333
460-45-221523-44;5233;3533;524223
460-25-522113-24;1251;3515;644121
460-35-132454-22;3351;4325;113244
460-51-154151-32;3312;1325;655352
460-22-454443-41;1244;5342;311353
460-35-451214-15;4242;5334;415325
460-12-423212-53;2424;5432;231124
460-42-353411-53;1431;2321;415343
460-22-121113-15;2132;1311;324351
460-45-324323-51;2422;3452;132523
460-11-542252-33;1323;2555;123245
460-54-323553-15;2222;4254;502233
460-24-233421-44;4333;2153;633453
460-53-125114-53;2453;5323;213233
460-43-514135-32;4415;3332;522151
460-15-523452-41;4224;4323;112333
460-44-243124-21;3121;3132;373412
460-32-131324-15;5524;1133;652421
460-24-223411-31;3235;2215;353211
460-12-133422-42;5453;1124;652512
460-34-322511-14;1422;5354;503141
460-34-154335-12;5154;2521;611232
460-41-232423-33;3111;3344;362354
460-51-253352-44;1425;4251;321233
460-15-225444-24;3415;1233;432255
460-41-132131-54;4355;3241;501432
460-45-345433-14;1445;4113;503142
460-22-111425-21;3424;2455;614433
460-13-314454-23;2455;5422;651344
460-32-422435-41;1232;1241;515243
460-24-423315-31;2122;1442;412252
460-24-115215-12;4423;2454;465125
460-41-334355-31;4441;3141;145333
460-35-432353-22;2553;5551;151212
460-52-151154-11;2134;2451;503452
460-34-352123-45;1244;4425;532242
460-23-152334-44;3444;2531;464125
460-12-234551-54;1324;5231;414332
460-31-122454-44;5345;3252;625534
460-22-453132-54;3124;5315;141432
460-42-314314-34;2224;1124;154255
460-54-111551-14;2512;1551;222514
460-15-323421-54;1122;1215;633555
460-22-451433-15;4423;3154;371312
460-35-545453-51;3313;1211;434133
460-15-124441-12;3344;3132;523225
460-42-333441-42;2212;4222;424453
460-14-411232-41;2445;3212;505313
460-43-541152-31;3212;1342;152323
460-33-123514-31;4354;4533;114213
460-33-531153-11;3333;5453;524111
460-52-241121-51;3221;4435;342225
460-51-435313-14;1432;5124;454533
460-13-153345-44;2131;3341;344234
460-25-312242-41;5322;5422;455125
460-23-353252-31;5453;4113;621343
460-12-321134-44;1215;5541;634511
460-35-532124-54;5211;1213;333533
460-22-135153-12;5342;4332;423345
460-15-115524-33;2335;5113;341314
460-23-333521-53;2155;2224;231334
460-15-111212-51;1255;1255;443152
460-51-354354-55;3455;2232;113231
460-42-354233-11;1443;5234;311512
460-13-254433-15;1411;5512;365141
460-23-422453-45;5445;2321;215111
460-55-335153-45;5555;5335;453225
460-11-321124-55;5415;5145;453433
460-25-314351-31;5154;1531;435525
460-32-121145-44;3414;5153;121354
460-25-132542-23;4524;5223;131542
460-13-434334-25;3345;1524;364344
460-11-444115-11;5112;2313;121434
460-11-324533-42;1555;5113;631553
460-31-212145-21;4313;3132;361451
460-55-323322-54;3112;4154;633543
460-35-131342-43;2455;1121;342424
460-11-243152-44;4532;2453;154441
460-13-511142-43;3352;3123;464533
460-54-112421-23;3225;5523;503525
460-33-111234-25;3222;3514;641331
460-52-552512-51;2233;4124;233324
460-53-212552-14;4522;3343;362144
460-51-331324-35;4342;1151;521221
460-55-355554-31;2452;3422;433423
460-14-352453-24;1455;2251;135511
460-24-132434-24;2141;3514;614254
460-35-315314-45;5114;5123;355545
460-14-215445-44;4141;2412;615555
460-42-252255-33;4334;4454;525242
460-45-114125-51;1222;1431;121443
460-33-155245-31;4341;4252;231345
460-51-553212-15;2354;2335;421223
460-51-434542-22;5544;4313;231125
460-32-434321-25;3251;5411;321122
460-12-115124-22;1515;4255;541155
460-55-551154-13;5212;1111;234445
460-44-441152-55;4221;2244;315535
460-24-212125-12;4324;3345;363211
460-35-423341-42;2155;4324;315251
460-13-135554-24;2155;3353;431255
460-43-415532-44;4124;3355;534131
460-12-411251-12;3313;2355;634422
460-22-415523-41;4535;3242;211554
460-44-525315-21;3431;4412;134523
460-45-411434-31;2315;1111;643441
460-52-152245-11;5142;1434;504343
460-51-331525-12;4242;4315;214112
460-25-123355-32;5413;5245;321552
460-33-431442-14;2151;4541;454243
460-32-131522-41;5344;1255;645423
460-55-552222-25;1314;5111;425522
460-42-415314-12;3152;4521;543555
460-22-355531-42;1422;4314;114225
460-55-125551-32;1353;3151;364321
460-22-245222-23;5345;4412;464153
460-42-311342-45;1314;4251;131444
460-14-312341-32;2335;4352;123553
460-52-133325-13;1213;5135;331445
460-14-114312-54;5241;4215;621554
460-43-123213-45;2442;5421;411422
460-34-354534-35;5151;3143;654555
460-25-534331-42;2222;4421;623125
460-14-123234-53;5515;1313;465131
460-25-412232-55;1122;3333;422321
460-14-322452-43;5522;2552;214513
460-44-125335-45;3323;4145;362414
460-25-554523-35;1431;1352;651554
460-53-134552-53;2434;3553;433125
460-33-531311-21;3555;1214;613155
460-23-135255-13;3232;2521;233143
460-13-214542-51;1541;2141;133252
460-32-543435-12;3125;1332;144335
460-13-155455-25;4424;3521;344331
460-23-433552-15;1141;2315;454511
460-23-222114-44;3242;1535;523343
460-55-222415-53;1211;1112;134343
460-22-454135-52;2123;1242;534152
460-14-535153-54;4433;1115;114523
460-15-344435-52;2454;4144;134355
460-41-113134-21;5342;3152;233244
460-41-131433-42;5454;2152;123321
460-12-312434-43;3313;2133;415553
460-14-334521-25;5252;4111;324421
460-44-135454-41;4452;4132;535244
460-45-342321-55;5235;2554;312315
460-35-544312-25;4142;1354;614352
460-45-441441-54;4514;2134;125352
460-41-522131-31;3515;4224;642144
460-21-432435-52;4132;3513;612222
460-35-133315-24;1232;1351;643224
460-32-531353-51;3532;5345;461315
460-43-141425-24;1525;2213;652235
460-33-413143-41;1522;3545;431434
460-31-424351-22;2352;4244;503143
460-14-234512-21;1221;2242;632432
460-42-421325-52;5512;1352;643352
460-41-233433-35;5425;2234;623331
460-45-221313-54;3251;1321;435425
460-32-534221-51;3244;1534;332534
460-55-445323-15;1244;1114;152242
460-35-151142-35;2234;2534;343423
460-13-244454-25;3511;1225;221335
460-14-211533-34;4234;5114;453312
460-42-442413-23;3222;5443;443431
460-41-134445-32;3522;3224;353524
460-34-541321-24;4322;2341;532431
460-51-312355-35;5552;1545;365522
460-53-435234-24;4513;3143;541222
460-32-324434-35;5541;2341;611151
460-42-312535-12;1554;2151;424144
460-42-223235-35;4531;5321;363543
460-25-525123-43;2123;2455;373322
460-55-354434-54;3521;5541;334415
460-42-234512-55;2533;3211;325134
460-42-311533-41;5435;3352;452235
460-22-133211-13;1121;2324;625333
460-54-311413-31;1122;1422;641424
460-15-454454-32;3544;1344;313153
460-34-413124-24;1311;1451;234154
460-41-115154-32;1123;2321;442252
460-53-512233-34;1521;2353;613224
460-15-554434-32;1223;3221;334255
460-55-414231-45;1132;3222;373321
460-43-342232-55;2525;2341;134331
460-44-533552-45;2253;2543;624215
460-51-221334-33;4254;4411;464521
460-33-225555-51;3315;1142;625114
460-21-335133-43;3115;3523;364131
460-23-353253-31;5314;4534;345252
460-43-555214-23;5412;2415;645334
460-13-322321-24;4243;4524;325513
460-15-323443-11;4531;1142;453523
460-12-532244-44;1241;2312;411252
460-32-245113-33;5444;5311;345415
460-25-443215-52;3314;5252;644251
460-13-535212-25;3241;4311;544141
460-12-442332-32;1141;1311;651452
460-45-333234-52;3121;1432;324314
460-35-443213-43;4252;1522;412154
460-53-251253-21;1331;3323;625134
460-23-444225-35;3551;3355;452554
460-35-514412-44;1452;2254;155433
460-33-523553-45;1443;3211;414431
460-52-515534-45;5531;2353;323334
460-15-551533-31;1431;3155;461515
460-54-435555-13;1114;2533;524155
460-52-555132-13;3141;5343;351432
460-44-231414-53;2213;3244;321522
460-42-523413-33;3521;3254;623413
460-32-222254-35;1121;4323;232131
460-52-423551-31;1225;5243;364425
460-32-432144-52;3545;4421;533522
460-54-424541-34;4311;1533;613445
460-12-155552-22;5513;5155;614132
460-22-154235-33;5532;5124;125212
460-25-125151-45;2131;2442;345252
460-32-451315-42;1114;4211;334233
460-21-451333-54;1324;5432;421144
460-31-554214-55;4234;1353;542341
460-44-552533-32;3335;3313;635233
460-54-453311-15;4155;3252;333155
460-24-223455-32;2555;2211;502342
460-21-222445-11;1535;1341;511422
460-24-134134-35;4112;4322;644135
460-11-111431-51;5345;2321;121111
460-13-422412-15;4312;1214;335553
460-25-251321-12;1345;5521;374521
460-45-431223-41;2524;5352;433232
460-23-511153-11;3144;1112;215343
460-31-134222-45;3451;5232;441325
460-52-233253-45;4241;3211;115245
460-22-324314-53;5251;2341;422142
460-44-432533-52;3124;4444;373433
460-21-322353-25;2211;2541;115513
460-52-111323-21;2341;2355;504452
460-14-554334-55;1515;5143;312555
460-11-241234-25;4514;2213;331311
460-15-433545-41;1511;2332;454451
460-23-422331-43;2541;3324;372313
460-14-332544-43;2331;3221;542354
460-44-435431-25;1515;3354;431122
460-14-254223-51;1141;5224;505335
460-42-322124-12;4212;1535;632331
460-55-523322-32;4122;2233;441225
460-14-455545-22;5424;4153;431412
460-55-115151-14;4431;2221;213111
460-41-454114-52;4141;5454;234232
460-13-433211-31;4423;2242;224152
460-33-521445-15;1434;4431;523334
460-53-554331-55;3442;3433;615455
460-11-145141-23;1211;5155;432241
460-15-354421-45;4115;1154;354252
460-55-211413-52;5432;3353;124331
460-34-535224-25;3232;5543;534225
460-41-314114-41;3441;3412;505313
460-43-521524-33;4325;4555;614123
460-53-453312-31;4551;4443;121353
460-32-515455-45;4422;3253;233143
460-11-122215-31;3523;3551;435434
460-51-221454-11;2414;1423;335351
460-43-454353-24;2255;1352;642153
460-15-225235-53;2151;1325;504441
460-33-322345-13;4313;5111;503122
460-14-414352-33;4524;2115;354314
460-12-141345-25;4552;2125;432153
460-33-552241-43;2343;5435;322243
460-34-125211-42;2233;4355;155221
460-43-453533-23;1412;2311;353223
460-11-425552-12;4223;3525;421143
460-52-353353-34;1244;3522;413154
460-34-253243-31;3112;3421;311143
460-32-114322-15;1415;3313;315451
460-35-122511-13;2123;4522;432455
460-55-113315-54;4411;2144;343524
460-35-123154-32;2324;2333;532342
460-21-125124-22;3525;4343;235143
460-23-114322-42;1143;1213;144324
460-31-554511-14;4151;3252;511243
460-42-515222-31;2125;4123;125322
460-14-221353-22;1331;2342;431551
460-43-254434-12;1232;2445;115251
460-24-442125-23;4123;3232;453335
460-23-241254-25;4225;2511;142425
460-52-522351-25;1114;1515;461122
460-44-235255-12;5322;5531;654125
460-55-542134-13;4234;1423;624431
460-24-355534-43;5435;3451;432515
460-33-335554-33;3325;3435;544323
460-34-353153-54;2243;1235;644243
460-23-421512-11;4442;2113;515322
460-14-454555-53;3235;5322;234121
460-33-245335-34;1132;3255;623334
460-41-325214-11;5154;3413;464143
460-43-354313-12;4224;4241;651541
460-55-322433-31;3345;2542;365314
460-23-155251-53;5154;5515;223423
460-43-513451-55;3442;2253;422421
460-42-341422-25;5332;4512;511231
460-11-543513-35;2422;4253;361452
460-34-525423-45;2222;2233;144444
460-22-151152-11;1133;1552;454335
460-54-541544-45;3125;4354;544355
460-41-513412-42;4524;2354;654351
460-22-112331-45;1121;3451;321431
460-35-445414-44;5352;5435;353122
460-24-134552-43;1512;2355;415124
460-12-313153-55;5214;5125;435444
460-52-244442-21;2553;2443;644353
460-44-312222-14;4542;5552;542125
460-23-233225-22;5111;3324;411252
460-34-445524-33;4314;1425;414255
460-52-325131-44;5243;2321;425534
460-44-441132-51;5513;5233;331245
460-14-135151-52;5112;2415;332414
460-14-311144-51;4551;3315;224542
460-51-114315-42;2113;1421;634544
460-15-412142-42;2144;5154;325134
460-13-254311-41;1112;2355;134345
460-53-113545-11;1414;3425;534554
460-11-122152-42;5454;2432;415121
460-43-113114-14;4222;4343;501422
460-51-322553-12;3321;5141;503324
460-45-543333-23;3521;4522;465353
460-15-324325-55;2244;3332;412551
460-54-134222-23;4212;1131;453123
460-11-125422-22;3255;2523;335445
460-24-423122-12;1311;4313;541254
460-21-443323-23;1542;4415;224231
460-33-111252-13;5132;1221;423423
460-24-453541-21;5222;4155;344444
460-52-154553-44;4433;2511;541533
460-15-451311-32;2251;4334;342422
460-53-431314-42;2354;2342;445345
460-45-533553-45;5541;5543;231234
460-23-321334-42;4333;4333;362343
460-32-513122-13;5411;1424;642244
460-44-443112-13;5455;4134;521423
460-43-455112-25;4521;4152;442241
460-42-122511-41;3114;4215;423543
460-34-542435-13;1255;5525;451313
460-45-423513-14;5423;4431;211144
460-52-433521-24;5123;3113;631532
460-12-512434-11;3321;1132;371353
460-34-233524-21;4135;5154;222111
460-45-315344-34;3131;4435;512121
460-35-342441-41;5144;3134;154351
460-12-335511-11;5332;5234;234131
460-32-133542-25;3341;3113;353145
460-41-514512-23;1522;3544;215452
460-31-153512-22;5311;3255;231324
460-23-344511-21;1133;4131;621334
460-52-531441-15;4155;5321;314552
460-41-525351-53;2225;1414;151454
460-34-135451-41;5123;1215;424211
460-52-454555-24;4345;1233;363453
460-23-355135-55;1341;5345;541311
460-14-143552-14;4213;3314;111322
460-51-323324-53;1242;1333;423524
460-23-355553-51;3111;3535;621225
460-43-254154-51;2241;3551;613532
460-31-145141-55;3143;3213;505342
460-41-253454-43;2541;1453;135413
460-54-451413-52;3223;3531;615352
460-22-311453-32;4243;1121;313215
460-55-151354-34;1435;2533;435125
460-34-112512-35;3245;2343;112111
460-44-125232-12;5442;1241;614131
460-51-511452-44;5541;2251;653212
460-13-242341-45;3415;4314;645144
460-43-415324-53;2251;2213;514525
460-21-351343-12;5444;3434;442124
460-25-434211-42;5222;2254;612555
460-51-522441-45;5535;1544;153434
460-54-252241-23;2211;3154;115413
460-23-411253-31;2121;5455;463153
460-23-252145-25;3154;2154;354215
460-33-511324-52;4225;5323;345423
460-52-142511-41;2433;3523;652122
460-23-451242-12;3323;1212;111225
460-13-453531-13;2422;5515;352144
460-22-115224-12;5123;5323;453351
460-33-215322-54;5332;5313;413234
460-23-442355-13;2125;1342;533255
460-21-111112-45;2524;2252;135413
460-42-112241-53;1122;4445;312433
460-31-424534-35;1152;4351;344214
460-33-214542-33;2411;4431;353525
460-23-131553-23;3223;1151;131222
460-53-214135-43;2215;1444;335541
460-23-445333-22;2514;3214;614212
460-42-241251-42;1253;1542;623335
460-25-123314-35;1351;2121;152552
460-52-125131-12;4522;4533;614351
460-45-152245-41;3531;2315;112223
460-34-435242-43;2434;5244;525214
460-33-255414-41;2342;1133;142421
460-13-444222-51;2342;4444;144555
460-55-225331-12;4254;1542;512121
460-54-315543-32;4213;3453;232525
460-54-531234-23;5422;2543;613345
460-13-121551-34;3541;1335;523154
460-42-443514-13;1424;3355;425452
460-12-443322-41;4534;1543;112531
460-11-242412-34;4124;2255;225531
460-41-231331-13;3442;3352;655214
460-14-145544-32;3112;5133;503254
460-45-534554-35;2134;3345;511151
460-42-255113-54;5242;4124;455411
460-32-442245-23;2442;5543;632434
460-32-543522-21;2353;2533;222212
460-42-113114-45;4121;4212;452253
460-11-231213-35;2423;2144;655231
460-15-521345-31;4134;4154;314251
460-45-113222-53;2115;2342;434232
460-21-135155-55;1431;2225;612145
460-34-244315-43;4443;4545;123551
460-34-452535-43;3211;1143;351315
460-35-515413-14;1323;2432;545115
460-42-411545-55;4351;5421;424515
460-55-552435-45;2521;1543;222425
460-13-554143-44;3513;4321;223355
460-42-154134-41;3434;3155;344525
460-41-241512-32;5534;3335;232433
460-23-355213-12;2321;4543;642353
460-21-334233-11;5452;3253;355545
460-13-244352-23;4252;1332;323434
460-41-513511-14;3541;4243;445445
460-45-333521-32;2354;5211;352545
460-45-154421-23;1111;4333;145551
460-41-313322-13;2221;1234;462111
460-52-352215-25;5245;4142;525333
460-13-244435-31;5142;3432;135424
460-41-522325-52;1554;2132;212553
460-32-354535-12;2521;1242;341135
460-42-152514-25;4235;5134;513125
460-43-452124-15;2312;1533;114311
460-34-431212-33;5211;3131;374252
460-44-241522-22;3253;5351;312213
460-32-335522-32;3213;5514;362521
460-35-215341-31;3355;2332;125541
460-44-312124-11;2155;4442;441115
460-55-432121-32;3312;4344;152215
460-53-211224-31;4315;1112;545132
460-55-333455-44;5335;3545;641341
460-41-555452-35;2125;3322;445552
460-12-445511-51;3322;3545;334134
460-54-341132-54;2154;5324;634312
460-32-312212-14;5431;5153;463541
460-42-215315-23;1154;5224;512122
460-34-144255-54;2142;2244;352255
460-45-354511-45;5555;1145;632435
460-42-215522-53;2312;5323;433532
460-55-141113-15;3424;4531;215551
460-15-151553-23;4232;3312;351224
460-45-432532-23;1141;3224;151414
460-23-252522-32;5312;3223;214135
460-23-241111-25;4344;5112;642141
460-54-453252-22;2151;4251;452255
460-43-431124-11;2544;5323;525455
460-54-212341-32;3444;3222;535411
460-13-411542-43;5334;2331;423544
460-53-115455-12;4352;2213;621222
460-52-542134-22;4145;3254;125221
460-54-125513-14;5422;1234;512121
460-31-135343-21;1112;5244;412123
460-45-455532-51;4212;4141;374411
460-53-131453-23;1235;1511;311511
460-53-135233-45;1221;5342;151425
460-53-421534-52;4355;1251;512212
460-14-454545-43;2523;2253;142333
460-51-343133-21;3352;3212;422312
460-43-512212-45;3313;5241;411231
460-54-555311-52;4114;2151;501244
460-43-514222-54;4133;3252;502354
460-45-422545-51;2531;5455;155425
460-52-123113-31;3455;2244;362552
460-14-313445-25;4545;1122;465243
460-43-115425-33;3213;2143;463113
460-25-134335-34;5215;1123;143444
460-24-254454-55;3141;5422;124422
460-43-315444-11;2214;5321;534352
460-51-342153-21;2212;3233;152414
460-51-531444-25;4453;2111;222332
460-14-324324-52;4212;5455;315515
460-54-354241-11;1535;1233;131225
460-21-214544-31;2542;2111;542524
460-22-325335-55;5122;4122;213355
460-23-415314-55;4124;1133;611112
460-31-321145-25;3235;4322;411213
460-43-421223-43;4551;1322;415143
460-43-553344-33;1142;4451;145211
460-45-335132-55;2324;1432;652525
460-25-124231-24;1232;4554;615355
460-32-521215-53;4444;5513;503322
460-22-412252-13;1315;1223;455213
460-35-312321-54;5131;3311;124225
460-42-425144-51;5231;2315;621451
460-32-254225-22;5411;5521;355532
460-43-421352-41;5231;4515;532522
460-22-355345-33;1455;2515;355524
460-53-122415-45;5151;1321;464223
460-12-225143-14;5234;2515;433543
460-15-245541-51;4544;1532;623124
460-34-343514-55;2123;1551;505224
460-35-355334-35;4344;3215;525431
460-43-331452-23;4232;5141;135131
460-53-452114-45;3443;4411;522221
460-25-214545-41;4441;2515;351334
460-54-254433-45;2252;4334;411244
460-55-243354-24;3134;1145;623314
460-55-344434-11;5541;1544;435334
460-12-214154-45;1411;3534;214225
460-24-124412-34;2124;5123;531251
460-22-251222-24;3251;1415;344541
460-53-231531-34;1413;5314;504433
460-24-523314-53;5122;5341;515355
460-41-533242-23;3113;3214;123212
460-31-311241-12;3341;4254;221443
460-54-525435-41;3124;5452;333324
460-41-445132-22;2122;4343;425244
460-44-331421-25;5215;3445;465223
460-51-241544-53;1144;3124;634123
460-33-413232-13;1113;4145;111353
460-15-453132-51;5252;2451;231343
460-42-145131-11;2541;2523;351334
460-34-243234-54;3335;5152;543143
460-11-253123-11;5555;5514;523111
460-25-252245-31;3351;3215;344514
460-31-423454-52;1411;3555;462214
460-11-451443-33;1152;3421;112413
460-21-411532-45;4141;5115;213315
460-34-312445-34;1212;4154;623541
460-53-153124-11;4334;3524;542254
460-23-513124-11;5425;3255;533155
460-24-112115-21;4342;2241;333333
460-52-215334-11;4334;1355;431214
460-31-544452-15;1545;5533;413243
460-53-542521-32;2114;2524;324252
460-35-524442-23;5144;3255;545351
460-13-353135-12;2354;2432;622534
460-13-135155-35;3133;2113;314253
460-43-351311-22;5232;1133;121344
460-42-442353-42;5543;5233;441245
460-24-425135-15;1152;4451;413242
460-52-144542-15;4222;5544;143435
460-31-344432-44;4444;4322;341211
460-42-542511-33;5221;2151;345521
460-44-545314-35;1543;1451;541424
460-42-353451-15;2312;3534;214455
460-51-133315-21;3135;2355;355415
460-21-315112-34;4333;1421;424153
460-14-443534-42;1351;4344;532532
460-33-453152-21;5511;1323;503314
460-45-544355-53;2522;3454;461414
460-24-352152-54;1124;3213;525321
460-54-341452-22;2221;3213;142531
460-43-131433-53;1313;2225;312313
460-52-352123-32;3435;5255;371222
460-33-413232-45;4413;3235;514255
460-23-315214-24;1142;5415;111114
460-53-134114-23;4432;2555;211121
460-21-332341-44;5554;1423;313333
460-11-113242-54;1351;4135;355315
460-44-135214-33;4513;1451;535225
460-42-345432-23;5452;1152;364345
460-14-443142-41;4522;3253;335351
460-52-422351-54;3551;4411;654351
460-33-333215-13;4135;3415;153243
460-52-535224-21;3442;2554;334252
460-31-255215-31;2531;5424;514233
460-41-153422-43;3523;5414;132151
460-51-552441-55;2352;2151;624112
460-13-152315-51;2231;3142;525442
460-55-155444-55;2323;5241;365455
460-55-344353-21;4552;2314;465251
460-45-253433-31;1142;5235;434341
460-32-355315-42;3241;5314;321115
460-25-514442-24;4415;4354;214435
460-52-241551-11;5155;3215;464553
460-33-115222-21;4115;2522;323344
460-53-322351-33;5233;5322;153125
460-31-551131-32;2242;4213;633521
460-53-512222-43;1554;2545;131223
460-24-451223-24;4553;3211;455212
460-41-332434-42;3121;3235;155331
460-23-144213-15;5412;5222;534533
460-53-142153-15;2251;5533;225115
460-14-515153-52;4532;5343;545133
460-51-552252-55;5315;3123;142315
460-35-345111-13;5225;5451;342514
460-45-451455-54;4212;1344;414522
460-52-441233-12;4333;3434;452335
460-44-141222-53;2253;2233;644421
460-22-212521-14;2154;1133;421235
460-11-151325-34;3455;5215;231311
460-31-435545-31;2335;5244;441522
460-13-442331-33;4545;5154;544325
460-45-411445-24;5252;3411;153235
460-11-123342-42;2123;2535;513312
460-51-333323-21;4154;4125;434525
460-43-353541-31;1445;1441;313424
460-41-155144-24;4414;2534;524154
460-21-421231-32;3552;2344;144233
460-32-533155-42;4542;5435;461242
460-21-553235-45;2444;4223;363113
460-11-511412-52;2323;4443;232514
460-42-123251-31;5253;4255;135351
460-44-412142-34;3411;1155;112521
460-53-312422-53;2441;5334;232243
460-32-415343-55;1534;2533;353314
460-14-213212-22;2325;3251;323332
460-25-342132-45;3443;1255;212225
460-11-112532-52;3244;4454;631443
460-54-331355-25;2432;3121;533225
460-22-453133-54;3143;3325;125323
460-15-234424-42;2543;4322;535312
460-12-323545-12;1132;4445;332514
460-11-443421-15;3454;5353;321542
460-32-115512-21;5532;2441;141521
460-23-512451-11;5445;5253;314211
460-25-512413-54;1533;5252;454235
460-32-521215-15;4125;1134;153441
460-45-154532-55;4512;1514;521445
460-12-415324-25;5535;5351;124414
460-24-122535-52;5552;4215;433513
460-32-521454-52;5213;5414;532555
460-52-415532-21;1125;3143;535431
460-15-225131-54;2543;5442;335453
460-33-545455-43;1413;1154;115433
460-15-212444-15;5134;2254;375533
460-22-233212-45;1535;2413;543311
460-12-525223-52;4434;3134;111133
460-43-542441-42;5511;5354;611115
460-54-555522-52;5324;4311;234244
460-51-132221-44;2423;4434;545434
460-54-222531-12;5112;1525;224542
460-41-131155-32;3311;1235;424415
460-44-324213-25;1542;1122;642435
460-42-321333-24;1535;4121;611141
460-25-551533-51;1124;3435;333224
460-11-213444-23;5143;3434;622155
460-32-352233-12;5335;1244;221424
460-52-231421-53;3424;3115;543153
460-12-512411-13;3355;2344;612424
460-42-511214-15;4323;1323;623541
460-42-532422-44;5542;4424;515114
460-45-152131-55;1321;1142;153443
460-11-154442-13;3534;5455;535334
460-55-241332-44;1321;2351;155333
460-13-235122-41;3134;3345;635441
460-52-244453-11;4555;4334;642315
460-54-425153-34;4351;4422;414244
