460-35-131124-45,0.0,0.0,210000,213200,213253, ,广东省深圳市罗湖区深南东路5047号
460-54-555123-22,0.0,0.0,340000,345300,345352, ,广东省深圳市盐田区大梅沙环梅路33号万科中心
460-31-231222-42,0.0,0.0,210000,211100,211155, ,广东省深圳市南山区中心路（深圳湾段）3333号中铁南方总部大厦503室
460-43-435433-53,0.0,0.0,620000,621200,621213, ,广东省深圳市人民南路发展中心大厦13层
460-44-321435-44,0.0,0.0,630000,631200,631244, ,广东省深圳市罗湖区宝安南路2014号振业大厦B座11-17层
460-25-311114-41,0.0,0.0,310000,314500,314525, ,广东省深圳市华强北路1058号现代之窗大厦A座25层
460-44-431515-23,0.0,0.0,540000,541500,541553, ,北京市海淀区高梁桥斜街59号院1号楼16层1606
460-31-112412-33,0.0,0.0,210000,214100,214152, ,广东省深圳市笋岗东路1002号宝安广场A座28-29层
460-33-111343-42,0.0,0.0,420000,424500,424512, ,广东省深圳市宝安区西乡街道宝安桃花源科技创新园主园A栋孵化大楼321-322室
460-53-253134-53,0.0,0.0,530000,532200,532213, ,广东省深圳市人民南路国贸大厦39、42层
460-32-532234-42,0.0,0.0,330000,332300,332332, ,广东省深圳市蛇口工业六路一号南玻大厦
460-15-354323-53,0.0,0.0,150000,151200,151254, ,广东省深圳市南山区白石路2222号沙河世纪楼
460-43-443515-44,0.0,0.0,640000,644500,644544, ,广东省深圳市南山区华侨城
460-12-144111-35,0.0,0.0,110000,113100,113143, ,广东省深圳市布心路三零零八号
460-31-215111-51,0.0,0.0,510000,513200,513231, ,广东省深圳市龙岗区葵涌镇白石岗葵鹏路26号
460-11-253454-13,0.0,0.0,140000,143500,143523, ,广东省深圳市南山区粤海街道学府路科技园南区软件产业基地4栋B座8层
460-45-544423-15,0.0,0.0,650000,653500,653533, ,广东省深圳市福田区华发北路411幢
460-21-225425-21,0.0,0.0,540000,545500,545545, ,广东省深圳市福田区彩田路7006号
460-15-145113-45,0.0,0.0,520000,525400,525421, ,广东省深圳市赤湾
460-23-412343-12,0.0,0.0,640000,641300,641354, ,广东省深圳市高新技术产业园北区朗山路东物商业大楼10楼
460-14-335243-31,0.0,0.0,210000,215300,215342, ,广东省深圳市深南中路中核大厦
460-42-525322-54,0.0,0.0,610000,612200,612252, ,广东省深圳市南山区高新南一道飞亚达科技大厦
460-52-353231-42,0.0,0.0,230000,231300,231333, ,广东省深圳市福田区深南中路2068号华能大厦5，33，35-36，38-41层
460-12-545521-53,0.0,0.0,230000,235300,235312, ,广东省深圳市福田区八卦四路15号一致药业大楼
460-55-114431-55,0.0,0.0,220000,223200,223243, ,广东省深圳市人民南路3005号深房广场47楼
460-13-325525-12,0.0,0.0,410000,415100,415112, ,吉林省长春市汽车经济技术开发区东风南街777号
460-21-413232-14,0.0,0.0,110000,112100,112153, ,广东省深圳市宝安区新城二区湖滨路
460-21-322245-32,0.0,0.0,640000,643500,643513, ,广东省深圳市南山区科技园科技路1号桑达科技大厦15-17楼
460-14-541121-41,0.0,0.0,510000,511500,511532, ,广东省深圳市春风路一号
460-52-522314-13,0.0,0.0,640000,645400,645413, ,广东省深圳市南山区粤海街道科发路8号金融服务技术创新基地1栋11E
460-53-124252-44,0.0,0.0,140000,141500,141553, ,江苏省海安县城黄海大道（西）268号
460-52-241534-22,0.0,0.0,460000,465400,465421, ,广东省深圳市深南中路2008号华联大厦11层(1103-1109室)
460-41-133214-44,0.0,0.0,130000,131500,131554, ,广东省深圳市南山区月亮湾大道2097号
460-44-313141-13,0.0,0.0,370000,375500,375555, ,广东省深圳市华侨城东部工业区
460-42-411254-54,0.0,0.0,500000,502100,502135, ,广东省深圳市南山蛇口工业区港湾大道2号中集研发中心8楼
460-24-524213-42,0.0,0.0,610000,613300,613313, ,广东省深圳市罗湖区东门中路1011号鸿基大厦25-27楼
460-31-115531-35,0.0,0.0,650000,653300,653342, ,广东省深圳市福田区百花五路长源楼
460-11-353341-55,0.0,0.0,430000,431100,431152, ,广东省深圳市福田区振华路163号飞亚达大厦六楼
460-23-512555-42,0.0,0.0,540000,544200,544224, ,广东省深圳市福田区华强北路3号深纺大厦6楼
460-25-121331-55,0.0,0.0,420000,423200,423252, ,北京市东城区建国门内大街28号民生金融中心C座22层
460-33-334431-44,0.0,0.0,360000,363500,363545, ,广东省深圳市罗湖区深南东路1086号集浩大厦二、三楼
460-53-431522-31,0.0,0.0,630000,634500,634521, ,广东省深圳市南山区高新科技园南区高新南一道德赛科技大厦14楼
460-13-434425-31,0.0,0.0,440000,443400,443455, ,广东省深圳市深南中路中航苑航都大厦22层南
460-13-143133-11,0.0,0.0,610000,611100,611124, ,广东省深圳市南山区赤湾基地楼
460-53-155315-45,0.0,0.0,420000,424200,424235, ,重庆市巴南区花溪工业园建设大道1号
460-42-552331-25,0.0,0.0,540000,542100,542121, ,广东省深圳市高新区科技南十二路方大大厦
460-22-142252-53,0.0,0.0,230000,234100,234113, ,广东省深圳市福田区金田路2028号皇岗商务中心58楼03单元
460-52-141554-32,0.0,0.0,330000,335100,335132, ,广东省深圳市福田区华强北路群星广场A座三十一楼
460-52-154454-54,0.0,0.0,220000,225300,225324, ,辽宁省盘锦市双台子区红旗大街
460-14-424151-14,0.0,0.0,320000,322200,322221, ,广东省深圳市福田区车公庙深南大道6013号中国有色大厦24-26楼
460-21-224444-45,0.0,0.0,340000,343300,343315, ,广东省深圳市罗湖区布吉路1021号天乐大厦22楼
460-15-253213-51,0.0,0.0,540000,544300,544355, ,广东省深圳市福田区华强北路华强广场A座5楼
460-44-454144-13,0.0,0.0,540000,543100,543155, ,广东省深圳市南山区高新技术产业园科技南路中兴通讯大厦
460-43-413222-51,0.0,0.0,330000,332100,332123, ,北京市丰台区南四环西路188号总部基地12区47号楼3层(301、302)
460-53-352234-53,0.0,0.0,440000,443200,443221, ,广东省深圳南山区科技工业园长城计算机大厦
460-53-444514-14,0.0,0.0,450000,454300,454311, ,广东省深圳市大工业区兰竹大道以北CH3主厂房
460-25-324224-55,0.0,0.0,320000,325100,325155, ,广东省深圳市南山区华侨城
460-22-441213-34,0.0,0.0,620000,624500,624535, ,广东省深圳市南山区高新区中区科丰路2号特发信息港大厦B栋18楼
460-22-453111-42,0.0,0.0,460000,462200,462215, ,广东省深圳市南山区科技园科技中三路1号海王银河科技大厦24楼
460-52-312221-44,0.0,0.0,640000,645300,645313, ,广东省深圳市盐田区盐田港海港大厦17-20层
460-24-425524-24,0.0,0.0,650000,655500,655543, ,广东省深圳市宝安区宝安机场第一办公楼三、四层
460-42-112114-55,0.0,0.0,460000,462100,462112, ,广东省深圳市福田区滨河大道5020号证券大厦21楼
460-11-542451-53,0.0,0.0,350000,352300,352315, ,广东省深圳市南山区海德三道天利中央商务广场22楼
460-45-212512-24,0.0,0.0,610000,611100,611125, ,广东省深圳市罗湖区解放西路188号
460-21-212211-14,0.0,0.0,360000,364100,364143, ,广东省惠州市仲恺高新技术开发区十九号小区
460-43-554325-43,0.0,0.0,320000,324200,324253, ,广东省汕头市澄海区文冠路北侧
460-35-514532-54,0.0,0.0,460000,464400,464435, ,北京市丰台区南四环西路188号二区8号楼
460-32-544342-52,0.0,0.0,210000,213400,213414, ,山东省济南市遥墙国际机场
460-45-323554-55,0.0,0.0,430000,435300,435351, ,安徽省无为县北门外大街108号
460-21-225225-41,0.0,0.0,210000,212200,212232, ,四川省成都市青白江区大弯镇团结路311号
460-55-142331-51,0.0,0.0,360000,365200,365212, ,浙江省杭州市滨江区江南大道3850号创新大厦15楼1505室
460-15-443415-55,0.0,0.0,350000,351200,351235, ,湖南省长沙市银盆南路361号
460-23-415231-24,0.0,0.0,370000,372100,372152, ,河北省石家庄市和平东路183号
460-55-342534-53,0.0,0.0,130000,133200,133233, ,新疆维吾尔自治区乌鲁木齐市高新区北京南路358号大成国际9楼
460-55-431143-34,0.0,0.0,340000,344400,344433, ,河北省承德县下板城镇
460-32-144533-12,0.0,0.0,610000,614300,614354, ,新疆乌鲁木齐市高新区北京南路358号大成国际大厦20楼2001室
460-51-442532-13,0.0,0.0,230000,231400,231434, ,广东省普宁市军埠镇美新工业园
460-35-443345-42,0.0,0.0,510000,514500,514535, ,江苏省吴江市盛泽镇市场路丝绸股份大厦
460-54-511541-33,0.0,0.0,130000,135400,135451, ,广东省佛山市顺德区北滘镇美的大道6号美的总部大楼B区26-28楼
460-14-435314-21,0.0,0.0,620000,624200,624245, ,山东省潍坊市高新技术产业开发区福寿东街197号甲
460-33-312124-11,0.0,0.0,360000,365300,365312, ,河南省许昌市许继大道1298号
460-14-452215-44,0.0,0.0,150000,155500,155554, ,河北省唐山市丰润区林荫路
460-12-534414-53,0.0,0.0,410000,411400,411412, ,北京市西城区金城坊街7号
460-11-123524-55,0.0,0.0,320000,322500,322553, ,山西省太原市长治路227号高新国际大厦16层
460-53-552223-24,0.0,0.0,510000,513400,513422, ,江西省景德镇市高新区长虹大道1号
460-42-424253-51,0.0,0.0,610000,612200,612251, ,山东省济南市高新区港兴三路北段济南药谷1号楼B座32层
460-41-212411-22,0.0,0.0,530000,535300,535345, ,青海省格尔木市昆仑南路15-02号
460-34-131344-12,0.0,0.0,430000,431400,431423, ,山东省济南市高新区新宇路750号5号楼
460-42-253451-25,0.0,0.0,510000,512200,512212, ,辽宁省沈阳经济技术开发区开发大路17甲1号
460-53-251352-24,0.0,0.0,630000,632100,632122, ,浙江省杭州市下城区东新路江南巷2号3幢
460-32-253411-45,0.0,0.0,460000,462100,462123, ,河北省石家庄市高新技术产业开发区黄河大道9号
460-51-325332-45,0.0,0.0,110000,113200,113232, ,新疆维吾尔自治区乌鲁木齐市沙依巴克区黄河路93号
460-11-131441-35,0.0,0.0,420000,425400,425424, ,山东省青岛市崂山区株州路151号
460-32-525415-35,0.0,0.0,320000,323400,323445, ,安徽省合肥市长江中路150号
460-21-121153-55,0.0,0.0,460000,464400,464445, ,江苏省无锡市国家高新技术产业开发区长江南路18号
460-51-514543-23,0.0,0.0,640000,644400,644441, ,湖南省长沙市雨花区劳动西路589号
460-14-545113-45,0.0,0.0,150000,152500,152534, ,吉林省吉林市昌邑区九站街516-1号
460-21-211451-12,0.0,0.0,370000,375500,375522, ,江苏省南京市建邺区应天大街927号
460-33-233545-15,0.0,0.0,230000,234100,234124, ,湖北省宜昌市猇亭大道399号
460-31-435312-51,0.0,0.0,620000,623100,623141, ,山东省东阿县阿胶街78号
460-13-413315-21,0.0,0.0,210000,212200,212214, ,江苏省徐州经济开发区工业一区
460-23-151354-55,0.0,0.0,110000,115500,115532, ,内蒙古自治区赤峰市新城区玉龙大街路北、天义路西兴业集团办公楼
460-21-544433-53,0.0,0.0,110000,111200,111253, ,湖南省长沙市解放东路300号
460-12-141413-14,0.0,0.0,540000,542400,542421, ,广东省广州市白云路85号
460-25-532553-12,0.0,0.0,510000,512500,512541, ,湖南省张家界市南庄坪1号花园
460-22-331153-21,0.0,0.0,120000,121100,121125, ,江苏省南京市江宁经济技术开发区秦淮路58号
460-21-414312-41,0.0,0.0,450000,453100,453111, ,山东省寿光市圣城街595号
460-44-141132-42,0.0,0.0,620000,625100,625155, ,山东省济南市经五路330号
460-32-532423-52,0.0,0.0,350000,355100,355153, ,湖北省武汉市江汉区解放大道690号
460-51-542325-23,0.0,0.0,410000,414500,414555, ,广东省广州市天河区林和中路8号海航大厦35楼05单元
460-12-352351-53,0.0,0.0,540000,541300,541331, ,海南省海口市文华路18号文华大酒店七层
460-15-124425-31,0.0,0.0,120000,122300,122315, ,湖南省长沙市天心区城南西路3号财信大厦13楼
460-15-442122-33,0.0,0.0,540000,545200,545244, ,海南省海口市珠江广场帝豪大厦29层
460-32-441541-51,0.0,0.0,520000,523100,523114, ,山东省济南市经十路13777号中润世纪广场17栋
460-14-232334-11,0.0,0.0,120000,122200,122234, ,广东省珠海市高栏港经济区榕树湾8号2001-2号办公
460-23-341533-32,0.0,0.0,370000,374100,374133, ,四川省南充市涪江路117号
460-11-253112-11,0.0,0.0,520000,523400,523425, ,四川省德阳市岷江西路二段57号金路大厦
460-32-334413-35,0.0,0.0,220000,223100,223113, ,辽宁省沈阳市沈河区青年大街109号
460-41-432342-11,0.0,0.0,630000,631200,631231, ,福建省厦门市湖里工业区兴隆路88号
460-15-253214-25,0.0,0.0,120000,122100,122134, ,广东省珠海市金湾区创业北路38号总部大楼
460-11-324113-11,0.0,0.0,130000,133300,133335, ,重庆市渝中区重庆村55号2单元39层
460-14-341152-34,0.0,0.0,310000,315100,315123, ,陕西省西安市东大街解放市场6号
460-43-124213-32,0.0,0.0,440000,443100,443112, ,浙江省宁波市海曙区灵桥路513号(14-12)
460-41-212534-41,0.0,0.0,350000,355400,355433, ,江苏省江阴市滨江开发区定山路十号
460-41-541432-51,0.0,0.0,220000,225200,225225, ,湖南省湘潭国家高新技术产业开发区德国工业园莱茵路1号
460-22-224134-14,0.0,0.0,310000,312500,312515, ,湖北省武汉市民权路39号汇江大厦
460-15-422521-54,0.0,0.0,520000,522400,522451, ,安徽省合肥市经济技术开发区莲花路2163号
460-45-543411-44,0.0,0.0,450000,453100,453153, ,广东省广州市天河区黄埔大道东128号
460-52-235315-53,0.0,0.0,230000,231200,231235, ,广东省广州市流花路120号
460-21-245232-23,0.0,0.0,130000,131100,131134, ,江苏省南京市高淳县桠溪镇东风路8号
460-13-313342-24,0.0,0.0,640000,642300,642344, ,福建省厦门市湖里区寨上长乐路1号
460-13-451135-32,0.0,0.0,520000,525500,525531, ,广西壮族自治区柳州市柳太路1号
460-45-153424-55,0.0,0.0,320000,325100,325153, ,广东省广州市天河区广州大道北520号
460-32-542125-33,0.0,0.0,620000,621200,621213, ,辽宁省大连市沙河口区西南路888号
460-55-352414-43,0.0,0.0,320000,321200,321245, ,广东省广州市萝岗区西基工业区西基路
460-35-223221-43,0.0,0.0,640000,645500,645533, ,广东省珠海市香洲区唐家湾镇唐家大学路101号清华科技园创业大楼第六层东楼
460-25-113555-31,0.0,0.0,520000,522500,522554, ,广东省佛山市顺德区大良街道顺峰山工业区
460-35-525145-32,0.0,0.0,320000,323100,323133, ,广东省汕头市珠池路23号光明大厦B幢8楼
460-44-323541-44,0.0,0.0,140000,144400,144432, ,福建省福州市马尾区儒江西路6号1#楼第三、四层
460-15-443331-33,0.0,0.0,130000,134200,134222, ,天津经济技术开发区泰达中心（第三大街16号）
460-44-414214-34,0.0,0.0,410000,412200,412242, ,云南省昆明市呈贡区云南白药街3686号
460-44-412151-12,0.0,0.0,220000,224300,224345, ,广东省广州市天河东路2号粤电广场南塔23-26楼
460-24-143213-24,0.0,0.0,500000,502300,502313, ,贵州省贵阳市观山湖区中天路3号
460-25-441513-52,0.0,0.0,620000,621300,621342, ,广东省佛山市禅城区汾江北路64号
460-33-243115-14,0.0,0.0,220000,224100,224125, ,安徽省合肥市马鞍山路99号皖能大厦
460-11-212542-22,0.0,0.0,650000,651100,651125, ,河南省郑州市郑东新区才高街6号东方鼎盛中心A座10层
460-23-322323-34,0.0,0.0,120000,121200,121222, ,吉林省吉林市吉林经济技术开发区吉孤公路480号
460-14-145322-35,0.0,0.0,310000,314200,314234, ,吉林省长春市净月开发区中信城枫丹白露一期3栋906室
460-55-332332-52,0.0,0.0,420000,422300,422315, ,福建省福州市台江区五一南路67号
460-44-135145-55,0.0,0.0,150000,155100,155115, ,湖南省长沙市天心区芙蓉中路508号之三君逸康年大酒店十二楼
460-13-445515-41,0.0,0.0,650000,653200,653254, ,江西省南昌市迎宾北大道509号
460-41-351531-31,0.0,0.0,420000,423200,423235, ,江苏省苏州市高新区鹿山路35号
460-13-331345-45,0.0,0.0,210000,214300,214344, ,甘肃省白银市平川区大桥路1号
460-14-534555-41,0.0,0.0,110000,112200,112245, ,湖北省荆州市北京东路93号
460-31-445313-11,0.0,0.0,430000,431300,431345, ,山东省泰安市东岳大街104号
460-35-435252-11,0.0,0.0,630000,632400,632454, ,广东省深圳市南山区科发路8号金融服务技术创新基地1栋3C5单元
460-12-443144-51,0.0,0.0,140000,144500,144513, ,宁夏回族自治区银川市北京中路168号C座一楼
460-22-122535-44,0.0,0.0,130000,134500,134514, ,浙江省杭州市文三路535号莱茵达大厦
460-21-453453-21,0.0,0.0,500000,504200,504254, ,浙江省杭州市萧山区万向路
460-52-122155-21,0.0,0.0,310000,314400,314435, ,云南省昆明市东风西路1号
460-15-343142-33,0.0,0.0,420000,423300,423322, ,陕西省宝鸡市清姜路72号
460-45-225121-53,0.0,0.0,140000,144300,144343, ,陕西省西安市高新区科技路50号金桥国际广场C座
460-13-442545-44,0.0,0.0,340000,344500,344532, ,陕西省西安市解放路103号
460-34-144141-51,0.0,0.0,230000,234500,234533, ,重庆市江津区德感工业园区
460-52-522333-21,0.0,0.0,460000,462400,462425, ,海南省海口市秀英区南海大道192号
460-13-212354-25,0.0,0.0,130000,134200,134254, ,海南省海口市海德路5号
460-14-212531-55,0.0,0.0,230000,233100,233131, ,四川省泸州市国窖广场
460-41-452245-41,0.0,0.0,320000,325100,325111, ,江苏省常州市怀德中路123号
460-33-411255-52,0.0,0.0,120000,125300,125342, ,海南省海口市桂林洋经济开发区
460-41-334424-31,0.0,0.0,320000,324300,324345, ,海南省海口市金盘工业区金盘路12-8号
460-51-444512-13,0.0,0.0,340000,345500,345515, ,广东省东莞市南城区宏远工业区
460-33-222522-11,0.0,0.0,520000,521400,521435, ,广东省江门市甘化路56号
460-23-244422-31,0.0,0.0,220000,222500,222512, ,江苏省无锡国家高新技术产业开发区华山路5号
460-35-245142-32,0.0,0.0,410000,414200,414213, ,广西壮族自治区北海市海角路145号
460-34-445551-23,0.0,0.0,630000,635100,635112, ,江苏省江阴市临港街道双良路15号
460-31-513215-14,0.0,0.0,110000,114500,114524, ,江苏省常州市新北区太湖东路9号4幢23层
460-54-343324-15,0.0,0.0,650000,654200,654235, ,四川省成都市高新西区西芯大道5号
460-25-425524-13,0.0,0.0,360000,365300,365342, ,黑龙江省伊春市伊春区青山西路118号
460-34-553154-13,0.0,0.0,450000,455200,455212, ,贵州省贵阳市百花大道41号
460-25-253533-22,0.0,0.0,140000,143200,143225, ,湖南省衡阳市蒸湘区蔡伦路33号
460-53-432424-11,0.0,0.0,650000,655200,655252, ,重庆市渝中区解放西路1号望江公寓5楼
460-53-123542-51,0.0,0.0,210000,211500,211511, ,福建省福州市平潭综合实验区金井湾片区商务营运中心
460-42-132522-41,0.0,0.0,410000,415300,415334, ,四川省成都市建设路55号
460-44-552551-14,0.0,0.0,210000,215500,215551, ,宁夏回族自治区银川市西夏区北京西路630号
460-35-523315-21,0.0,0.0,420000,422200,422241, ,安徽省亳州市古井镇
460-23-354153-45,0.0,0.0,220000,222200,222243, ,辽宁省沈阳经济技术开发区昆明湖街8号
460-12-321423-41,0.0,0.0,520000,522300,522323, ,四川省成都市青羊区苏坡乡万家湾村
460-52-422125-25,0.0,0.0,230000,231500,231513, ,山东省青岛市黄岛区月亮湾路1号
460-54-214331-43,0.0,0.0,650000,652200,652255, ,河北省石家庄市裕华西路9号裕园广场A座
460-13-455152-32,0.0,0.0,340000,343300,343332, ,广东省韶关市武江区沿江路16号
460-11-541252-24,0.0,0.0,150000,151400,151431, ,北京市大兴区瀛海镇京福路瀛海段1号
460-53-213241-24,0.0,0.0,230000,233500,233532, ,北京市顺义区中关村科技园顺义园临空二路1号
460-21-115531-23,0.0,0.0,420000,424200,424232, ,青海省西宁市东兴路19号
460-45-523251-35,0.0,0.0,420000,425300,425351, ,浙江省杭州市下城区体育场路218号
460-55-125533-25,0.0,0.0,640000,645400,645421, ,广西壮族自治区南宁市江南路230号南宁经济技术开发区
460-35-412241-24,0.0,0.0,620000,625200,625244, ,北京市丰台区科学城海鹰路1号院6号楼5层
460-53-455412-11,0.0,0.0,620000,624500,624513, ,陕西省西安市南二环西段27号西安旅游大厦七层
460-54-153534-32,0.0,0.0,360000,363500,363514, ,内蒙古自治区包头市土默特右旗萨拉齐镇振华大街科技楼316室
460-14-334535-45,0.0,0.0,460000,465300,465321, ,河南省焦作市马村区待王镇焦新路南侧
460-34-112242-53,0.0,0.0,430000,431200,431241, ,海南省三亚市大东海
460-53-542352-12,0.0,0.0,650000,653400,653413, ,湖北省襄阳市樊城区陈家湖
460-35-521552-55,0.0,0.0,320000,321500,321513, ,辽宁省大连市中山区长江路123号长江写字楼2129
460-15-135341-22,0.0,0.0,230000,232100,232115, ,山东省济南市经十西路11966号
460-23-522434-41,0.0,0.0,640000,645100,645134, ,安徽省芜湖市经济开发区港湾路
460-54-224231-22,0.0,0.0,110000,113100,113144, ,北京市通州区潞城镇人民政府北楼209室
460-51-154225-55,0.0,0.0,120000,121500,121522, ,湖南省岳阳市岳阳楼区青年中路9号
460-21-454132-54,0.0,0.0,220000,224400,224432, ,吉林省敦化市敖东大街2158号
460-43-534315-34,0.0,0.0,460000,461500,461552, ,重庆市江北区建新东路260号
460-13-124411-32,0.0,0.0,370000,374100,374142, ,江苏省连云港市新浦北郊路6号
460-53-453122-24,0.0,0.0,350000,354500,354553, ,湖北省荆门市杨湾路132号
460-42-352532-13,0.0,0.0,610000,615200,615244, ,四川省成都市高新技术产业开发区
460-14-313423-23,0.0,0.0,650000,654300,654313, ,四川省攀枝花市弄弄坪
460-55-545112-45,0.0,0.0,540000,544400,544425, ,安徽省铜陵市长江西路
460-23-243344-23,0.0,0.0,640000,645200,645223, ,吉林省长春市前进大街3055号南湖新村办公楼201室
460-55-222114-42,0.0,0.0,360000,361400,361453, ,福建省福州市开发区君竹路162号
460-12-151142-41,0.0,0.0,410000,414300,414315, ,辽宁省沈阳市浑南新区世纪路55号
460-54-435543-15,0.0,0.0,330000,335400,335424, ,宁夏回族自治区石嘴山市惠农区钢电路
460-35-232121-43,0.0,0.0,150000,152500,152525, ,广东省肇庆市风华路18号风华电子工业城
460-51-533511-51,0.0,0.0,520000,523500,523554, ,广东省茂名市官渡路162号
460-21-352134-22,0.0,0.0,370000,371100,371122, ,辽宁省沈阳市和平区中华路126号
460-22-541252-24,0.0,0.0,540000,543400,543413, ,山东省滨州市邹平县西王工业园
460-21-352531-33,0.0,0.0,440000,441200,441251, ,江西省南昌市高新开发区京东北大道399号
460-22-215233-15,0.0,0.0,350000,355100,355124, ,广东省珠海市前山金鸡西路
460-12-145412-43,0.0,0.0,220000,221400,221444, ,天津市开发区第三大街16号
460-31-122331-34,0.0,0.0,500000,505200,505215, ,山东省淄博市张店区中埠镇
460-55-253525-11,0.0,0.0,150000,151500,151544, ,重庆市江北区复盛镇正街（政府大楼）
460-51-424554-35,0.0,0.0,610000,613500,613515, ,海南省海口市龙昆北路2号珠江广场帝都大厦18楼
460-23-352331-41,0.0,0.0,120000,125300,125344, ,广东省珠海市保税区1号地三号厂房201号
460-13-441323-23,0.0,0.0,650000,655100,655111, ,吉林省长春市同志街2400号火炬大厦五层
460-21-352314-44,0.0,0.0,460000,465500,465515, ,广西壮族自治区梧州市新兴二路137号
460-53-122512-34,0.0,0.0,620000,623100,623121, ,福建省永安市燕江东路819号
460-55-432312-22,0.0,0.0,110000,115400,115421, ,湖北省武汉经济技术开发区工业区
460-23-313522-22,0.0,0.0,500000,505300,505334, ,北京市北京经济技术开发区永昌中路8号
460-23-412124-23,0.0,0.0,520000,523100,523111, ,云南省昆明市国防路129号恒安写字楼5楼
460-25-314312-24,0.0,0.0,310000,312500,312514, ,上海市浦东新区浦东大道1200号1908室
460-53-121215-22,0.0,0.0,210000,212500,212524, ,吉林省吉林市高新区恒山西路108号
460-44-322412-23,0.0,0.0,140000,143400,143434, ,湖北省荆州市沙市区北京西路440号
460-23-241441-25,0.0,0.0,610000,614100,614152, ,福建省福州经济技术开发区星发路8号
460-55-115112-33,0.0,0.0,410000,415100,415135, ,甘肃省白银市白银区五一街8号
460-45-532231-33,0.0,0.0,310000,313100,313124, ,山西省大同市口泉
460-14-152433-25,0.0,0.0,350000,355200,355224, ,河南省郑州市高新技术产业开发区玉兰街101号
460-43-311253-43,0.0,0.0,150000,154300,154332, ,山东省潍坊市寒亭区海龙路555号
460-44-255211-24,0.0,0.0,540000,545400,545435, ,湖北省襄阳市襄城区轴承路1号
460-44-142235-24,0.0,0.0,140000,144400,144454, ,辽宁省大连市中山区七一街1号
460-33-524354-11,0.0,0.0,340000,345100,345114, ,山东省济宁市高新区327国道58号
460-14-212232-52,0.0,0.0,130000,133400,133431, ,江苏省常州市武进区武进经济开发区绿杨路2号
460-21-323232-21,0.0,0.0,430000,433200,433232, ,山东省烟台市芝罘区机场路2号
460-43-412214-51,0.0,0.0,230000,235100,235131, ,内蒙古自治区鄂尔多斯市东胜区伊煤南路14号创业大厦B座16层
460-32-133145-33,0.0,0.0,110000,112400,112452, ,广东省中山市兴中道十八号财兴大厦北座
460-34-212514-33,0.0,0.0,150000,152300,152323, ,吉林省长春市生态大街6666号
460-41-154341-42,0.0,0.0,440000,442300,442355, ,河北省保定市新市区盛兴西路1369号
460-12-143414-45,0.0,0.0,610000,613300,613332, ,重庆市涪陵区江东群沱子路31号
460-31-552152-41,0.0,0.0,610000,615400,615451, ,广东省梅州市梅县华侨城香港花园宝丽华综合大楼
460-45-415334-34,0.0,0.0,500000,503300,503353, ,海南省海口市人民大道25号
460-44-135112-15,0.0,0.0,420000,423300,423334, ,辽宁省沈阳市沈河区热闹路47号
460-51-342131-25,0.0,0.0,150000,153200,153223, ,四川省成都市海峡两岸科技开发园科技创新中心
460-22-231422-45,0.0,0.0,150000,151300,151333, ,天津市开发区第十一大街27号
460-31-542145-21,0.0,0.0,310000,312300,312352, ,陕西省咸阳市西咸新区世纪大道55号
460-53-542451-45,0.0,0.0,610000,613100,613133, ,辽宁省沈阳市经济技术开发区沈大路888号
460-25-241444-34,0.0,0.0,320000,324400,324434, ,江苏省江阴市周庄镇长青路8号
460-43-452224-31,0.0,0.0,330000,331100,331111, ,福建省厦门市湖里区兴隆路27号第7层
460-25-545434-44,0.0,0.0,620000,624100,624125, ,湖南省岳阳市屈原管理区营田镇
460-21-553525-12,0.0,0.0,640000,643100,643122, ,广西壮族自治区北海市北海大道西16号海富大厦第七层G号
460-43-345155-41,0.0,0.0,640000,642300,642311, ,浙江省绍兴市解放北路289号
460-13-324434-21,0.0,0.0,110000,114200,114254, ,辽宁省瓦房店市北共济街一段1号
460-15-532315-14,0.0,0.0,310000,313500,313545, ,湖北省应城市东马坊团结大道26号
460-32-323211-53,0.0,0.0,430000,431300,431331, ,湖北省黄石市黄石大道316号
460-22-225543-41,0.0,0.0,630000,632200,632254, ,中国河北省石家庄市体育南大街385号
460-21-531113-41,0.0,0.0,630000,632300,632311, ,四川省成都市经济技术开发区（龙泉驿区）成都汽车城大道333号
460-32-431235-31,0.0,0.0,340000,344500,344522, ,黑龙江省哈尔滨经济技术开发区
460-44-452141-54,0.0,0.0,510000,511200,511242, ,广东省东莞市南城区鸿福路106号南峰中心第十二层
460-31-252414-55,0.0,0.0,520000,522100,522114, ,安徽省合肥市长江西路501号
460-21-443324-23,0.0,0.0,110000,111300,111335, ,辽宁省沈阳市和平区太原北街86号
460-41-321123-52,0.0,0.0,640000,645300,645333, ,广西壮族自治区容县城南工业集中区黑五类产业园
460-43-152435-14,0.0,0.0,310000,311100,311115, ,广东省韶关市曲江区马坝
460-22-542344-11,0.0,0.0,140000,144200,144255, ,吉林省吉林经济技术开发区九站街718号
460-52-133232-45,0.0,0.0,420000,423400,423424, ,河南省焦作市塔南路45号
460-44-514132-12,0.0,0.0,460000,465200,465231, ,山东省泰安市普照寺路5号
460-32-521511-51,0.0,0.0,370000,375500,375512, ,陕西省西安市碑林区南二环西段27号西安旅游大厦六层
460-51-443545-21,0.0,0.0,370000,372200,372233, ,湖南省长沙市天心区芙蓉中路三段142号光大发展大厦2708
460-13-215152-32,0.0,0.0,330000,335100,335131, ,山西省太原市清徐县贯中大厦
460-34-252144-43,0.0,0.0,630000,634300,634353, ,北京市朝阳区酒仙桥路10号
460-42-222332-52,0.0,0.0,410000,412400,412424, ,山东省淄博市高新技术开发区铭波路11号
460-45-144553-11,0.0,0.0,650000,653300,653314, ,江苏省南京经济技术开发区恒通大道19-1号
460-53-133131-55,0.0,0.0,630000,635200,635242, ,安徽省合肥市梅山路18号
460-23-333334-14,0.0,0.0,310000,315300,315345, ,北京市顺义区双河路9号
460-55-343443-23,0.0,0.0,220000,224300,224325, ,四川省射洪县太和镇新阳街87号
460-43-355534-43,0.0,0.0,440000,441300,441325, ,福建省三明市梅列区徐碧
460-51-431231-12,0.0,0.0,460000,462500,462542, ,贵州省贵阳市乌当区新添大道北段268号
460-23-443451-42,0.0,0.0,410000,412300,412321, ,海南省海口市人民大道50号
460-12-341534-52,0.0,0.0,450000,452100,452154, ,重庆市江北区建新北路86号
460-55-333155-23,0.0,0.0,220000,224200,224225, ,山西省运城市红旗东街376号
460-42-312354-23,0.0,0.0,530000,531100,531145, ,江苏省无锡市滨湖区刘闾路33号
460-55-124441-33,0.0,0.0,140000,144500,144535, ,浙江省东阳市横店江南路333号
460-53-422455-32,0.0,0.0,330000,332100,332111, ,湖南省长沙市高新技术产业开发区尖山路39号
460-32-525423-34,0.0,0.0,610000,612200,612243, ,广西壮族自治区桂林市辅星路13号
460-31-235315-51,0.0,0.0,530000,535300,535315, ,辽宁省葫芦岛市龙港区锌厂路24号
460-14-141542-34,0.0,0.0,120000,122400,122455, ,西藏自治区拉萨市色拉路36号
460-55-442521-44,0.0,0.0,420000,423300,423332, ,福建省漳州市胜利东路漳州发展广场
460-55-433325-41,0.0,0.0,440000,445100,445124, ,山西省洪洞县赵城镇
460-32-151125-35,0.0,0.0,450000,452100,452133, ,山东省淄博市高新技术产业开发区化工区
460-55-414315-21,0.0,0.0,500000,505400,505455, ,四川省内江市市中区甜城大道经济技术开发区
460-21-543143-43,0.0,0.0,320000,325400,325414, ,北京市丰台区西客站南广场驻京办一号楼B座
460-55-235224-14,0.0,0.0,350000,355200,355235, ,湖北省武汉市江汉区江汉路129号
460-44-422242-53,0.0,0.0,650000,652400,652421, ,湖北省公安县斗湖堤镇荆江大道178号
460-25-212511-32,0.0,0.0,630000,634400,634435, ,辽宁省本溪市平山区钢铁路18号
460-42-522335-13,0.0,0.0,220000,221200,221251, ,西藏自治区拉萨市中和国际城金珠二路8号
460-53-125523-12,0.0,0.0,150000,152500,152525, ,吉林省通化市二道江区金马路999号
460-25-225433-21,0.0,0.0,120000,124200,124214, ,山西省太原市晋阳街南一条10号
460-33-154531-32,0.0,0.0,500000,502200,502235, ,陕西省西安市阎良区西飞大道一号
460-25-333341-15,0.0,0.0,230000,232200,232253, ,浙江省杭州市石桥路357号
460-11-415554-13,0.0,0.0,650000,652200,652232, ,广东省广州市天河区天河北路183-187号大都会广场43楼（4301-4316房）
460-22-531115-12,0.0,0.0,500000,502500,502555, ,江苏省苏州市国家高新技术产业开发区浒关工业园
460-14-115412-21,0.0,0.0,430000,432100,432115, ,河北省武安市上洛阳村北(二六七二厂区)
460-32-453535-25,0.0,0.0,540000,542300,542324, ,甘肃省兰州市兰州新区嘉陵江街568号
460-12-141525-11,0.0,0.0,510000,512100,512124, ,内蒙古自治区赤峰市元宝山区平庄镇哈河街
460-54-511444-52,0.0,0.0,440000,444400,444434, ,广东省江门市新会区会城镇江会路上浅口
460-12-445235-45,0.0,0.0,330000,335200,335245, ,湖北省武汉市江汉区新华路特8号
460-34-421223-54,0.0,0.0,110000,111500,111555, ,湖北省武汉市武昌区中南路9号
460-24-241412-24,0.0,0.0,210000,212100,212132, ,北京市海淀区复兴路17号国海广场2号楼15层
460-35-511535-25,0.0,0.0,620000,625100,625135, ,重庆市北碚区水土镇方正大道21号
460-33-145451-41,0.0,0.0,450000,453400,453422, ,江西省万年县陈营镇
460-15-224435-25,0.0,0.0,320000,322400,322413, ,四川省成都市高新技术开发区天府大道高新孵化园华拓大厦B座3楼
460-14-215423-32,0.0,0.0,310000,314400,314434, ,甘肃省兰州市城关区北滨河东路69号甘肃投资集团大厦
460-15-225153-23,0.0,0.0,330000,334300,334355, ,青海省格尔木市黄河路28号
460-55-151434-52,0.0,0.0,130000,135100,135133, ,海南省海口市海甸四东路民生大厦
460-33-535154-32,0.0,0.0,440000,443200,443231, ,山西省太原市万柏林区新晋祠路147号尚德峰国际14层
460-33-343414-51,0.0,0.0,310000,313200,313254, ,陕西省宝鸡市渭滨区经二路155号
460-25-153324-12,0.0,0.0,650000,654400,654415, ,福建省福州市五四路89号置地广场4层
460-12-153545-54,0.0,0.0,150000,154500,154535, ,北京市西城区西单民丰胡同31号中水大厦6层
460-55-331232-32,0.0,0.0,110000,114500,114514, ,湖南省吉首市峒河街道振武营村
460-13-124241-42,0.0,0.0,210000,215500,215543, ,吉林省长春市高新技术产业开发区蔚山路4888号
460-43-432145-53,0.0,0.0,420000,424100,424141, ,四川省绵阳市科创园区九洲大道259号
460-21-324135-12,0.0,0.0,500000,504100,504111, ,北京市门头沟区水闸路21号12幢
460-41-211525-52,0.0,0.0,540000,544300,544333, ,四川省南充市顺庆区延安路380号
460-41-342211-52,0.0,0.0,370000,372200,372244, ,广西壮族自治区北海市西藏路银河软件科技园专家创业区1号
460-35-425111-53,0.0,0.0,440000,445200,445253, ,云南省昆明市呈贡区七甸街道
460-53-434144-32,0.0,0.0,420000,424300,424353, ,辽宁省铁岭市凡河新区金沙江路12号
460-52-344125-55,0.0,0.0,520000,525100,525122, ,四川省遂宁市遂州中路309号
460-14-342353-14,0.0,0.0,410000,411400,411411, ,山东省烟台市芝罘区冰轮路1号
460-43-513154-43,0.0,0.0,370000,375400,375424, ,陕西省西安市高新区锦业路1号都市之门B座19层
460-31-433144-35,0.0,0.0,500000,502100,502154, ,新疆维吾尔自治区乌鲁木齐市银川路235号
460-11-533453-45,0.0,0.0,220000,225100,225155, ,宁夏回族自治区中卫市城区柔远镇
460-23-253355-41,0.0,0.0,460000,464100,464134, ,江苏省盐城经济技术开发区希望大道南路58号
460-34-235513-54,0.0,0.0,420000,422200,422215, ,辽宁省葫芦岛市连山区化工街
460-12-413135-42,0.0,0.0,610000,614300,614333, ,湖南省岳阳市云溪区
460-45-221523-44,0.0,0.0,520000,524200,524223, ,辽宁省凌海市金城街
460-25-522113-24,0.0,0.0,640000,644100,644121, ,湖北省京山县经济技术开发区轻机工业园
460-35-132454-22,0.0,0.0,110000,113200,113244, ,山东省潍坊滨海经济开发区
460-51-154151-32,0.0,0.0,650000,655300,655352, ,广东省汕头市龙湖区龙江路12号
460-22-454443-41,0.0,0.0,310000,311300,311353, ,山西省太原市尖草坪街2号
460-35-451214-15,0.0,0.0,410000,415300,415325, ,湖北省宜昌市沿江大道114号
460-12-423212-53,0.0,0.0,230000,231100,231124, ,广东省东莞市南城区科技工业园科技路39号
460-42-353411-53,0.0,0.0,410000,415300,415343, ,江西省赣州市经济技术开发区迎宾大道60号
460-22-121113-15,0.0,0.0,320000,324300,324351, ,山东省聊城市鲁化路68号
460-45-324323-51,0.0,0.0,130000,132500,132523, ,山西省运城市解州镇新建路36号
460-11-542252-33,0.0,0.0,120000,123200,123245, ,广西壮族自治区贵港市幸福路100号
460-54-323553-15,0.0,0.0,500000,502200,502233, ,四川省成都市高新区紫薇东路16号
460-24-233421-44,0.0,0.0,630000,633400,633453, ,天津市滨海高新区华苑产业区榕苑路1号A区八层
460-53-125114-53,0.0,0.0,210000,213200,213233, ,陕西省宝鸡市姜谭路22号
460-43-514135-32,0.0,0.0,520000,522100,522151, ,北京市朝阳区建国路91号院8号楼28层2808单元
460-15-523452-41,0.0,0.0,110000,112300,112333, ,北京市海淀区上地东路5号院1号楼三层
460-44-243124-21,0.0,0.0,370000,373400,373412, ,河北省承德市高新技术产业开发区（西区8号）
460-32-131324-15,0.0,0.0,650000,652400,652421, ,安徽省安庆市纺织南路80号
460-24-223411-31,0.0,0.0,350000,353200,353211, ,贵州省贵阳市花溪区磊花路口168号8层
460-12-133422-42,0.0,0.0,650000,652500,652512, ,湖北省武汉市东湖新技术开发区庙山小区华工园一路5号
460-34-322511-14,0.0,0.0,500000,503100,503141, ,河北省唐山市曹妃甸装备制造产业园区
460-34-154335-12,0.0,0.0,610000,611200,611232, ,四川省宜宾市翠屏区岷江西路150号
460-41-232423-33,0.0,0.0,360000,362300,362354, ,安徽省合肥市国家高新技术产业开发区天智路
460-51-253352-44,0.0,0.0,320000,321200,321233, ,北京市顺义区站前街1号院1号楼顺鑫国际商务中心12层
460-15-225444-24,0.0,0.0,430000,432200,432255, ,广东省广州市越秀区东华南路98号21-32层
460-41-132131-54,0.0,0.0,500000,501400,501432, ,宁夏回族自治区银川市西夏区六盘山西路166号
460-45-345433-14,0.0,0.0,500000,503100,503142, ,上海市杨浦区逸仙路333号501室
460-22-111425-21,0.0,0.0,610000,614400,614433, ,安徽省合肥市葛淝路1号
460-13-314454-23,0.0,0.0,650000,651300,651344, ,山东省烟台市大马路56号
460-32-422435-41,0.0,0.0,510000,515200,515243, ,吉林省长春市人民大街9699号
460-24-423315-31,0.0,0.0,410000,412200,412252, ,四川省绵阳国家高新技术产业开发区
460-24-115215-12,0.0,0.0,460000,465100,465125, ,新疆维吾尔自治区乌鲁木齐市达坂城区白杨沟村
460-41-334355-31,0.0,0.0,140000,145300,145333, ,云南省昆明市国家高新技术产业开发区
460-35-432353-22,0.0,0.0,150000,151200,151212, ,山东省潍坊滨海经济技术开发区富海大街17号
460-52-151154-11,0.0,0.0,500000,503400,503452, ,辽宁省大连市西岗区黄河路219号外经贸大厦
460-34-352123-45,0.0,0.0,530000,532200,532242, ,北京市通州区永乐经济技术开发区永开路1号
460-23-152334-44,0.0,0.0,460000,464100,464125, ,湖北省武汉市徐东大街96号
460-12-234551-54,0.0,0.0,410000,414300,414332, ,河南省郑州市农业路41号投资大厦9层
460-31-122454-44,0.0,0.0,620000,625500,625534, ,海南省海口市蓝天路16号高速公路大楼
460-22-453132-54,0.0,0.0,140000,141400,141432, ,安徽省宣城市宣南公路口
460-42-314314-34,0.0,0.0,150000,154200,154255, ,四川省峨眉山市名山南路41号
460-54-111551-14,0.0,0.0,220000,222500,222514, ,河北省秦皇岛市河北大街146号金原国际商务大厦
460-15-323421-54,0.0,0.0,630000,633500,633555, ,江苏省江阴市澄江中路165号
460-22-451433-15,0.0,0.0,370000,371300,371312, ,重庆市涪陵区人民东路50号
460-35-545453-51,0.0,0.0,430000,434100,434133, ,广东省广州市南沙区万顷沙镇红安路3号
460-15-124441-12,0.0,0.0,520000,523200,523225, ,河南省漯河市双汇路1号
460-42-333441-42,0.0,0.0,420000,424400,424453, ,天津市开发区明园路2号B2别墅5号
460-14-411232-41,0.0,0.0,500000,505300,505313, ,辽宁省鞍山市铁西区鞍钢厂区
460-43-541152-31,0.0,0.0,150000,152300,152323, ,江西省南昌市高新技术开发区火炬大街199号
460-33-123514-31,0.0,0.0,110000,114200,114213, ,湖南省长沙市天心区芙蓉南路二段128号现代广场
460-33-531153-11,0.0,0.0,520000,524100,524111, ,黑龙江省哈尔滨市平房区哈平西路45号
460-52-241121-51,0.0,0.0,340000,342200,342225, ,湖北省荆门市月亮湖北路附7号
460-51-435313-14,0.0,0.0,450000,454500,454533, ,云南省昆明市经济技术开发区经景路66号
460-13-153345-44,0.0,0.0,340000,344200,344234, ,福建省厦门市东港北路31号港务大厦20楼、21楼
460-25-312242-41,0.0,0.0,450000,455100,455125, ,湖南省长沙市芙蓉区五一大道235号湘域中央1栋401号
460-23-353252-31,0.0,0.0,620000,621300,621343, ,湖南省岳阳市平江县天岳经济开发区天岳大道
460-12-321134-44,0.0,0.0,630000,634500,634511, ,浙江省杭州西湖区教工路一号
460-35-532124-54,0.0,0.0,330000,333500,333533, ,江苏省丹阳经济技术开发区金陵西路95号
460-22-135153-12,0.0,0.0,420000,423300,423345, ,广西壮族自治区南宁市青秀区古城路10号
460-15-115524-33,0.0,0.0,340000,341300,341314, ,四川省成都市
460-23-333521-53,0.0,0.0,230000,231300,231334, ,浙江省温岭市经济开发区
460-15-111212-51,0.0,0.0,440000,443100,443152, ,山东省沂南县县城振兴路6号
460-51-354354-55,0.0,0.0,110000,113200,113231, ,北京市经济技术开发区东环北路9号
460-42-354233-11,0.0,0.0,310000,311500,311512, ,湖南省长沙市浏阳河大桥东湖南金鹰影视文化城
460-13-254433-15,0.0,0.0,360000,365100,365141, ,浙江省杭州市惠民路56号1号楼318室
460-23-422453-45,0.0,0.0,210000,215100,215111, ,江苏省南京市南京经济技术开发区新港大道58号
460-55-335153-45,0.0,0.0,450000,453200,453225, ,贵州省贵阳国家高新技术产业开发区
460-11-321124-55,0.0,0.0,450000,453400,453433, ,广东省佛山市顺德区容桂街道容港路8号
460-25-314351-31,0.0,0.0,430000,435500,435525, ,黑龙江省佳木斯市长安东路247号
460-32-121145-44,0.0,0.0,120000,121300,121354, ,河北省张家口市宣化区东升路21号
460-25-132542-23,0.0,0.0,130000,131500,131542, ,浙江省杭州市滨江区江汉路1785号双城国际4号楼17层
460-13-434334-25,0.0,0.0,360000,364300,364344, ,湖北省汉川市沉湖镇福星街1号
460-11-444115-11,0.0,0.0,120000,121400,121434, ,天津市西青区京福公路578号
460-11-324533-42,0.0,0.0,630000,631500,631553, ,吉林省吉林市昌邑区江湾路2号10楼1002、1003
460-31-212145-21,0.0,0.0,360000,361400,361451, ,甘肃省兰州市七里河区郑家庄108号
460-55-323322-54,0.0,0.0,630000,633500,633543, ,安徽省蚌埠市中粮大道1号
460-35-131342-43,0.0,0.0,340000,342400,342424, ,北京市海淀区中关村南大街32号
460-11-243152-44,0.0,0.0,150000,154400,154441, ,湖南省长沙市天心区湘府西路222号华菱园主楼
460-13-511142-43,0.0,0.0,460000,464500,464533, ,河南省永城市东城区光明路17号
460-54-112421-23,0.0,0.0,500000,503500,503525, ,四川省江油市二朗庙镇
460-33-111234-25,0.0,0.0,640000,641300,641331, ,江苏省江阴市华西村
460-52-552512-51,0.0,0.0,230000,233300,233324, ,河北省邢台市中兴西大街191号
460-53-212552-14,0.0,0.0,360000,362100,362144, ,北京市清华大学紫光大楼
460-51-331324-35,0.0,0.0,520000,521200,521221, ,湖北省武汉市东湖开发区江夏大道特1号凯迪大厦
460-55-355554-31,0.0,0.0,430000,433400,433423, ,云南省昆明市高新技术产业开发区高新区产业研发基地
460-14-352453-24,0.0,0.0,130000,135500,135511, ,河南省新乡市凤泉区锦园路
460-24-132434-24,0.0,0.0,610000,614200,614254, ,重庆市涪陵区白涛街道
460-35-315314-45,0.0,0.0,350000,355500,355545, ,山东省济南市市中区党家庄镇南首
460-14-215445-44,0.0,0.0,610000,615500,615555, ,湖北省武穴市江堤路1号
460-42-252255-33,0.0,0.0,520000,525200,525242, ,广西壮族自治区河池市六甲镇
460-45-114125-51,0.0,0.0,120000,121400,121443, ,海南省澄迈县老城工业开发区
460-33-155245-31,0.0,0.0,230000,231300,231345, ,山东省聊城市经济开发区黄河路261号
460-51-553212-15,0.0,0.0,420000,421200,421223, ,河北省石家庄市建华南大街161号
460-51-434542-22,0.0,0.0,230000,231100,231125, ,北京市石景山区石景山路
460-32-434321-25,0.0,0.0,320000,321100,321122, ,云南省昆明高新技术产业开发区
460-12-115124-22,0.0,0.0,540000,541100,541155, ,江苏省海门市常乐镇
460-55-551154-13,0.0,0.0,230000,234400,234445, ,宁夏回族自治区石嘴山市大武口区冶金路
460-44-441152-55,0.0,0.0,310000,315500,315535, ,浙江省杭州市延安路468号1号楼1号门9、10楼
460-24-212125-12,0.0,0.0,360000,363200,363211, ,天津市天津空港经济区西五道35号汇津广场一号楼
460-35-423341-42,0.0,0.0,310000,315200,315251, ,湖北省武汉市洪山区徐东大街113号国电大厦
460-13-135554-24,0.0,0.0,430000,431200,431255, ,浙江省绍兴市上虞区人民西路1818号
460-43-415532-44,0.0,0.0,530000,534100,534131, ,山西省太原市和平南路83号
460-12-411251-12,0.0,0.0,630000,634400,634422, ,北京市海淀区学院南路76号
460-22-415523-41,0.0,0.0,210000,211500,211554, ,北京市海淀区中关村东路66号甲1号楼27层
460-44-525315-21,0.0,0.0,130000,134500,134523, ,湖北省仙桃市勉阳大道131号
460-45-411434-31,0.0,0.0,640000,643400,643441, ,新疆维吾尔自治区乌鲁木齐市青年路北一巷8号
460-52-152245-11,0.0,0.0,500000,504300,504343, ,广东省佛山市禅城区汾江中路85号
460-51-331525-12,0.0,0.0,210000,214100,214112, ,内蒙古自治区锡林郭勒盟西乌珠穆沁旗巴拉嘎尔高勒镇哈拉图街
460-25-123355-32,0.0,0.0,320000,321500,321552, ,广东省开平市三埠区港口路10号19幢
460-33-431442-14,0.0,0.0,450000,454200,454243, ,山东省济南市浪潮路1036号
460-32-131522-41,0.0,0.0,640000,645400,645423, ,广西壮族自治区桂林市翠竹路27-2号
460-55-552222-25,0.0,0.0,420000,425500,425522, ,安徽省宿州市浍水路271号
460-42-415314-12,0.0,0.0,540000,543500,543555, ,安徽省黄山市歙县经济技术开发区
460-22-355531-42,0.0,0.0,110000,114200,114225, ,甘肃省兰州市城关区天水路318号兰州大学科技广场
460-55-125551-32,0.0,0.0,360000,364300,364321, ,宁夏回族自治区灵武市羊绒工业园区中银大道南侧
460-22-245222-23,0.0,0.0,460000,464100,464153, ,山西省太原市西矿街318号西山大厦
460-42-311342-45,0.0,0.0,130000,131400,131444, ,黑龙江省大庆高新技术产业开发区
460-14-312341-32,0.0,0.0,120000,123500,123553, ,广东省佛山市季华五路18号经华大厦19楼
460-52-133325-13,0.0,0.0,330000,331400,331445, ,广东省广州市天河区珠江西路5号6301房自编B单元
460-14-114312-54,0.0,0.0,620000,621500,621554, ,湖北省武汉市东湖高新技术开发区华中科技大学科技园华工科技本部大楼
460-43-123213-45,0.0,0.0,410000,411400,411422, ,湖南省长沙市桐梓坡西路339号
460-34-354534-35,0.0,0.0,650000,654500,654555, ,江西省南昌市经济开发区玉屏东大道299号
460-25-534331-42,0.0,0.0,620000,623100,623125, ,山东省济南市和平路43号
460-14-123234-53,0.0,0.0,460000,465100,465131, ,福建省宁德市环城路143号闽东大广场华隆大厦8-10层
460-25-412232-55,0.0,0.0,420000,422300,422321, ,甘肃省武威市新建路55号
460-14-322452-43,0.0,0.0,210000,214500,214513, ,北京市朝阳区麦子店西路3号12层1316
460-44-125335-45,0.0,0.0,360000,362400,362414, ,福建省福州市马尾区儒江西路1号
460-25-554523-35,0.0,0.0,650000,651500,651554, ,湖南省长沙市芙蓉区远大二路马坡岭农业高科技园内
460-53-134552-53,0.0,0.0,430000,433100,433125, ,广东省深圳市龙华新区观澜高新园区观清路1号
460-33-531311-21,0.0,0.0,610000,613100,613155, ,重庆市巴南区炒油场
460-23-135255-13,0.0,0.0,230000,233100,233143, ,河南省郑州市农业路东41号投资大厦B座8-12层
460-13-214542-51,0.0,0.0,130000,133200,133252, ,广东省深圳南山区蛇口兴华路6号南海意库3号楼
460-32-543435-12,0.0,0.0,140000,144300,144335, ,浙江省新昌县羽林街道江北路4号
460-13-155455-25,0.0,0.0,340000,344300,344331, ,江苏省扬州市广陵区杭集镇曙光路
460-23-433552-15,0.0,0.0,450000,454500,454511, ,浙江省临海市花园工业区
460-23-222114-44,0.0,0.0,520000,523300,523343, ,重庆市渝北区人和星光大道69号
460-55-222415-53,0.0,0.0,130000,134300,134343, ,广东省珠海市香洲区唐家湾镇金凤路1号
460-22-454135-52,0.0,0.0,530000,534100,534152, ,浙江省绍兴市柯桥区鉴湖路1809号
460-14-535153-54,0.0,0.0,110000,114500,114523, ,河南省新乡市华兰大道甲1号
460-15-344435-52,0.0,0.0,130000,134300,134355, ,广东省深圳市南山区深南大道9988号
460-41-113134-21,0.0,0.0,230000,233200,233244, ,江苏省无锡市惠山区洛社镇洛藕路288号
460-41-131433-42,0.0,0.0,120000,123300,123321, ,浙江省杭州市萧山经济技术开发区
460-12-312434-43,0.0,0.0,410000,415500,415553, ,中国浙江省诸暨市店口工业区
460-14-334521-25,0.0,0.0,320000,324400,324421, ,浙江省遂昌县妙高镇凯恩路1008号
460-44-135454-41,0.0,0.0,530000,535200,535244, ,湖北省襄阳市高新区追日路8号
460-45-342321-55,0.0,0.0,310000,312300,312315, ,安徽省黄山市徽州区徽州东路188号
460-35-544312-25,0.0,0.0,610000,614300,614352, ,江苏省江阴市徐霞客镇马镇东街7号
460-45-441441-54,0.0,0.0,120000,125300,125352, ,广东省珠海市斗门区井岸镇珠峰大道288号1区17号楼
460-41-522131-31,0.0,0.0,640000,642100,642144, ,广东省珠海市高新区南屏科技工业园屏工中路8号
460-21-432435-52,0.0,0.0,610000,612200,612222, ,安徽省马鞍山市和县乌江镇
460-35-133315-24,0.0,0.0,640000,643200,643224, ,安徽省合肥市经济技术开发区繁华大道与文山路交叉口
460-32-531353-51,0.0,0.0,460000,461300,461315, ,浙江省新昌县羽林街道新昌大道东路800号
460-43-141425-24,0.0,0.0,650000,652200,652235, ,浙江省玉环县大麦屿街道兴港东路198号
460-33-413143-41,0.0,0.0,430000,431400,431434, ,上海市钦州北路1189号
460-31-424351-22,0.0,0.0,500000,503100,503143, ,四川省成都市高新区高朋大道21号
460-14-234512-21,0.0,0.0,630000,632400,632432, ,江苏省南京市山西路8号金山大厦1-5层
460-42-421325-52,0.0,0.0,640000,643300,643352, ,贵州省贵阳经济技术开发区红河路7号
460-41-233433-35,0.0,0.0,620000,623300,623331, ,山东省威海临港经济技术开发区苘山镇中韩路2号
460-45-221313-54,0.0,0.0,430000,435400,435425, ,广东省广州市黄埔区中新知识城凤凰三路8号2号楼2130室
460-32-534221-51,0.0,0.0,330000,332500,332534, ,上海市闵行区金都路4399号
460-55-445323-15,0.0,0.0,150000,152200,152242, ,福建省晋江市金井镇南工业区
460-35-151142-35,0.0,0.0,340000,343400,343423, ,广东省广州市高新技术开发区科学城香山路19号
460-13-244454-25,0.0,0.0,220000,221300,221335, ,广东省揭东经济开发区5号路中段
460-14-211533-34,0.0,0.0,450000,453300,453312, ,浙江省玉环县大麦屿经济开发区
460-42-442413-23,0.0,0.0,440000,443400,443431, ,云南省丽江市古城区香格里大道760号丽江玉龙旅游大厦
460-41-134445-32,0.0,0.0,350000,353500,353524, ,浙江省湖州市天子圩路288号
460-34-541321-24,0.0,0.0,530000,532400,532431, ,广东省中山市小榄镇工业大道南华园路1号
460-51-312355-35,0.0,0.0,360000,365500,365522, ,浙江省宁波市鄞州区鄞州大道西段888号
460-53-435234-24,0.0,0.0,540000,541200,541222, ,贵州省贵阳市高新技术开发区新天园区
460-32-324434-35,0.0,0.0,610000,611100,611151, ,北京市海淀区西三环北路100号金玉大厦1103-1105室
460-42-312535-12,0.0,0.0,420000,424100,424144, ,贵州省贵阳市都司高架桥路46号黔源大厦
460-42-223235-35,0.0,0.0,360000,363500,363543, ,江苏省南京市栖霞区和燕路251号1幢1101室
460-25-525123-43,0.0,0.0,370000,373300,373322, ,山东省莱州市农科院城山路西侧
460-55-354434-54,0.0,0.0,330000,334400,334415, ,安徽省淮北市烈山区石山路6号
460-42-234512-55,0.0,0.0,320000,325100,325134, ,浙江省德清县洛舍镇工业区
460-42-311533-41,0.0,0.0,450000,452200,452235, ,江苏省南通市人民东路218号
460-22-133211-13,0.0,0.0,620000,625300,625333, ,广东省广州市花都区新雅街镜湖大道8号
460-54-311413-31,0.0,0.0,640000,641400,641424, ,河南省洛阳市高新技术开发区丰华路6号
460-15-454454-32,0.0,0.0,310000,313100,313153, ,广东省深圳市宝安区福永街道桥头社区桥塘大道
460-34-413124-24,0.0,0.0,230000,234100,234154, ,浙江省象山县西周镇象西开发区
460-41-115154-32,0.0,0.0,440000,442200,442252, ,河北省玉田县无终西街3129号
460-53-512233-34,0.0,0.0,610000,613200,613224, ,浙江省新昌县七星街道下礼泉
460-15-554434-32,0.0,0.0,330000,334200,334255, ,北京市海淀区丹棱街3号
460-55-414231-45,0.0,0.0,370000,373300,373321, ,广东省深圳市南山区高新科技园北区彩虹科技大厦六楼
460-43-342232-55,0.0,0.0,130000,134300,134331, ,云南省昆明市官渡区春城路276号
460-44-533552-45,0.0,0.0,620000,624200,624215, ,广东省佛山市顺德高新区科技产业园朝桂南路
460-51-221334-33,0.0,0.0,460000,464500,464521, ,广东省深圳市光明新区光明街道三十三路9号得润电子工业园
460-33-225555-51,0.0,0.0,620000,625100,625114, ,浙江省东阳市横店工业区
460-21-335133-43,0.0,0.0,360000,364100,364131, ,安徽省马鞍山市雨山区霍里山大道南段9号
460-23-353253-31,0.0,0.0,340000,345200,345252, ,上海市闵行区虹中路263号1幢
460-43-555214-23,0.0,0.0,640000,645300,645334, ,云南省昆明市白龙路世博园
460-13-322321-24,0.0,0.0,320000,325500,325513, ,广东省广州市天河区珠江新城华明路9号华普广场西塔21层
460-15-323443-11,0.0,0.0,450000,453500,453523, ,浙江省江山市景星东路38号
460-12-532244-44,0.0,0.0,410000,411200,411252, ,浙江省象山县丹城镇建设东路262号
460-32-245113-33,0.0,0.0,340000,345400,345415, ,广东省珠海市港湾大道科技一路3号
460-25-443215-52,0.0,0.0,640000,644200,644251, ,浙江省瑞安市莘塍工业园区
460-13-535212-25,0.0,0.0,540000,544100,544141, ,北京市海淀区紫金数码园3号楼15层1501
460-12-442332-32,0.0,0.0,650000,651400,651452, ,北京市朝阳区酒仙桥路乙21号
460-45-333234-52,0.0,0.0,320000,324300,324314, ,浙江省平湖市曹桥镇
460-35-443213-43,0.0,0.0,410000,412100,412154, ,江西省景德镇市昌江区历尧
460-53-251253-21,0.0,0.0,620000,625100,625134, ,辽宁省大连市长海县獐子岛镇沙包村
460-23-444225-35,0.0,0.0,450000,452500,452554, ,福建省莆田市秀屿区西许工业区5-8号
460-35-514412-44,0.0,0.0,150000,155400,155433, ,江苏省张家港市大新镇人民路128号
460-33-523553-45,0.0,0.0,410000,414400,414431, ,山东省德州市德城区顺河西路18号
460-52-515534-45,0.0,0.0,320000,323300,323334, ,山东省青岛市保税区纽约路2号
460-15-551533-31,0.0,0.0,460000,461500,461515, ,江苏省南通市通州区十总镇东源大道1号
460-54-435555-13,0.0,0.0,520000,524100,524155, ,江苏省张家港市锦丰镇沙钢大厦
460-52-555132-13,0.0,0.0,350000,351400,351432, ,广东省佛山市南海区狮山工业科技工业园A区
460-44-231414-53,0.0,0.0,320000,321500,321522, ,江苏省镇江新区大港通港路1号
460-42-523413-33,0.0,0.0,620000,623400,623413, ,山东省兖州市西关大街66号
460-32-222254-35,0.0,0.0,230000,232100,232131, ,江苏省苏州市通安开发区通锡路31号
460-52-423551-31,0.0,0.0,360000,364400,364425, ,江苏省南京市江宁科学园彤天路99号
460-32-432144-52,0.0,0.0,530000,533500,533522, ,江苏省苏州工业园区民营工业区
460-54-424541-34,0.0,0.0,610000,613400,613445, ,浙江省湖州市八里店镇
460-12-155552-22,0.0,0.0,610000,614100,614132, ,山东省高密市孚日街1号
460-22-154235-33,0.0,0.0,120000,125200,125212, ,广东省广州市番禺区沙头街禺山西路363号
460-25-125151-45,0.0,0.0,340000,345200,345252, ,浙江省新昌县城关镇新昌工业区（后溪）
460-32-451315-42,0.0,0.0,330000,334200,334233, ,山东省烟台市莱山区澳柯玛大街18号
460-21-451333-54,0.0,0.0,420000,421100,421144, ,河南省新野县城关镇书院路15号
460-31-554214-55,0.0,0.0,540000,542300,542341, ,山东省淄博市沂源县沂河路11号
460-44-552533-32,0.0,0.0,630000,635200,635233, ,江苏省苏州工业园区泾茂路168号
460-54-453311-15,0.0,0.0,330000,333100,333155, ,江苏省南京市江宁开发区将军大道100号
460-24-223455-32,0.0,0.0,500000,502300,502342, ,江苏省张家港市国泰时代广场11-24楼
460-21-222445-11,0.0,0.0,510000,511400,511422, ,新疆维吾尔自治区乌鲁木齐市经济技术开发区阳澄湖路39号
460-24-134134-35,0.0,0.0,640000,644100,644135, ,福建省福州市马尾区江滨东大道116号
460-11-111431-51,0.0,0.0,120000,121100,121111, ,山东省青岛即墨市青岛环保产业园
460-13-422412-15,0.0,0.0,330000,335500,335553, ,浙江省杭州市莫干山路187号易盛大厦12F
460-25-251321-12,0.0,0.0,370000,374500,374521, ,湖南省永州市双牌县泷泊镇双北路6号
460-45-431223-41,0.0,0.0,430000,433200,433232, ,湖南省长沙市经济技术开发区漓湘中路16号
460-23-511153-11,0.0,0.0,210000,215300,215343, ,福建省晋江市深沪乌漏沟东工业区
460-31-134222-45,0.0,0.0,440000,441300,441325, ,浙江省台州市椒江区外沙支路100号
460-52-233253-45,0.0,0.0,110000,115200,115245, ,新疆维吾尔自治区乌鲁木齐市高新区长春南路528号
460-22-324314-53,0.0,0.0,420000,422100,422142, ,广东省高要市金渡世纪大道168号
460-44-432533-52,0.0,0.0,370000,373400,373433, ,福建省泉州市德化县浔中镇土坂村
460-21-322353-25,0.0,0.0,110000,115500,115513, ,浙江省宁波市鄞州区石碶街道车何
460-52-111323-21,0.0,0.0,500000,504400,504452, ,江苏省丹阳市横塘工业区
460-14-554334-55,0.0,0.0,310000,312500,312555, ,广东省深圳市宝安区松岗街道办碧头第三工业区
460-11-241234-25,0.0,0.0,330000,331300,331311, ,广东省深圳市南山区高新技术产业园北区朗山二路
460-15-433545-41,0.0,0.0,450000,454400,454451, ,山东省潍坊市高新技术产业开发区梨园街3517号
460-23-422331-43,0.0,0.0,370000,372300,372313, ,河北省沧州市沧石路张庄子工业园区
460-14-332544-43,0.0,0.0,540000,542300,542354, ,陕西省兴平市南郊
460-44-435431-25,0.0,0.0,430000,431100,431122, ,福建省三明市梅列区工业中路群工三路
460-14-254223-51,0.0,0.0,500000,505300,505335, ,山东省威海市环翠区黄河街16号
460-42-322124-12,0.0,0.0,630000,632300,632331, ,浙江省三门县海游镇西区大道369号
460-55-523322-32,0.0,0.0,440000,441200,441225, ,湖南省岳阳市九华山2号
460-14-455545-22,0.0,0.0,430000,431400,431412, ,云南省曲靖市罗平县罗雄镇九龙大道南段
460-55-115151-14,0.0,0.0,210000,213100,213111, ,浙江省杭州市滨江区火炬大道581号
460-41-454114-52,0.0,0.0,230000,234200,234232, ,上海市宝庆路21号
460-13-433211-31,0.0,0.0,220000,224100,224152, ,山东省济南市山大北路23号
460-33-521445-15,0.0,0.0,520000,523300,523334, ,吉林省通化市柳河县英利路88号
460-53-554331-55,0.0,0.0,610000,615400,615455, ,浙江省宁波市鄞州投资创业中心金源路988号
460-11-145141-23,0.0,0.0,430000,432200,432241, ,浙江省慈溪市崇寿镇永清南路8号
460-15-354421-45,0.0,0.0,350000,354200,354252, ,广东省深圳市南山区科技园北区宝深路科陆大厦A座13-24楼
460-55-211413-52,0.0,0.0,120000,124300,124331, ,浙江省杭州市拱墅区石祥路202号
460-34-535224-25,0.0,0.0,530000,534200,534225, ,辽宁省鞍山市铁东区科技路108号
460-41-314114-41,0.0,0.0,500000,505300,505313, ,浙江省余姚市玉立路55号阳光国际大厦A座1805-1807
460-43-521524-33,0.0,0.0,610000,614100,614123, ,湖南省湘潭市雨湖区鹤岭镇
460-53-453312-31,0.0,0.0,120000,121300,121353, ,浙江省天台县福溪街道始丰东路8号
460-32-515455-45,0.0,0.0,230000,233100,233143, ,江苏省吴江市盛泽镇五龙路22号
460-11-122215-31,0.0,0.0,430000,435400,435434, ,内蒙古自治区霍林郭勒市哲里木大街（霍矿珠斯花区）
460-51-221454-11,0.0,0.0,330000,335300,335351, ,天津市新技术产业园区华苑产业区（环外）海泰东路12号
460-43-454353-24,0.0,0.0,640000,642100,642153, ,广东省深圳市坪山新区兰景北路沃尔工业园
460-15-225235-53,0.0,0.0,500000,504400,504441, ,浙江省温岭市滨海镇利欧路1号
460-33-322345-13,0.0,0.0,500000,503100,503122, ,河南省巩义市康店镇焦湾村
460-14-414352-33,0.0,0.0,350000,354300,354314, ,浙江省杭州市平海路8号
460-12-141345-25,0.0,0.0,430000,432100,432153, ,天津市空港经济区航海路53号
460-33-552241-43,0.0,0.0,320000,322200,322243, ,浙江省杭州市萧山区衙前镇
460-34-125211-42,0.0,0.0,150000,155200,155221, ,安徽省铜陵市铜官大道
460-43-453533-23,0.0,0.0,350000,353200,353223, ,广东省深圳市龙岗区宝龙工业城宝龙六路实益达科技园
460-11-425552-12,0.0,0.0,420000,421100,421143, ,广东省深圳市宝安区观澜街道大富苑工业区顺络观澜工业园
460-52-353353-34,0.0,0.0,410000,413100,413154, ,广东省深圳市南山区高新技术产业园清华大学研究院B区403-414房
460-34-253243-31,0.0,0.0,310000,311100,311143, ,安徽省合肥市长江西路669号高新技术产业开发区内
460-32-114322-15,0.0,0.0,310000,315400,315451, ,广东省珠海市金湾区三灶镇三灶科技工业园
460-35-122511-13,0.0,0.0,430000,432400,432455, ,浙江省宁波市鄞州区宁南南路700号
460-55-113315-54,0.0,0.0,340000,343500,343524, ,四川省遂宁市滨江南路666号
460-35-123154-32,0.0,0.0,530000,532300,532342, ,浙江省海宁市许村镇建设路118号
460-21-125124-22,0.0,0.0,230000,235100,235143, ,甘肃省嘉峪关市东湖国际小区2号楼1单元401室
460-23-114322-42,0.0,0.0,140000,144300,144324, ,河北省廊坊市经济技术开发区祥云道81号
460-31-554511-14,0.0,0.0,510000,511200,511243, ,安徽省马鞍山市经济技术开发区超山西路
460-42-515222-31,0.0,0.0,120000,125300,125322, ,北京市丰台区西四环南路19号九号楼247室
460-14-221353-22,0.0,0.0,430000,431500,431551, ,陕西省西安市高新技术产业开发区科技三路56号
460-43-254434-12,0.0,0.0,110000,115200,115251, ,江苏省常熟市海虞镇周行通港工业开发区
460-24-442125-23,0.0,0.0,450000,453300,453335, ,北京市海淀区中关村永丰高新技术产业基地丰贤东路7号北斗星通大厦
460-23-241254-25,0.0,0.0,140000,142400,142425, ,广东省广州市高新技术产业开发区科学城科林路9、11号
460-52-522351-25,0.0,0.0,460000,461100,461122, ,北京市海淀区复兴路甲65号-A11层
460-44-235255-12,0.0,0.0,650000,654100,654125, ,浙江省永嘉县瓯北镇报喜鸟工业区
460-55-542134-13,0.0,0.0,620000,624400,624431, ,湖南省长沙市雨花区芙蓉中路二段金源大酒店16楼
460-24-355534-43,0.0,0.0,430000,432500,432515, ,江苏省南通市崇川开发区崇川路288号
460-33-335554-33,0.0,0.0,540000,544300,544323, ,江西省南昌市高新技术开发区艾溪湖一路569号
460-34-353153-54,0.0,0.0,640000,644200,644243, ,上海市金山区枫泾工业开发区亭枫公路8289号
460-23-421512-11,0.0,0.0,510000,515300,515322, ,湖北省武汉市武昌区黄鹂路88号1号楼
460-14-454555-53,0.0,0.0,230000,234100,234121, ,江苏省常熟市白茆镇西
460-33-245335-34,0.0,0.0,620000,623300,623334, ,广东省深圳市南山区高新技术产业园区南区T2栋B座3层
460-41-325214-11,0.0,0.0,460000,464100,464143, ,上海市闵行区浦江镇三鲁公路2121号
460-43-354313-12,0.0,0.0,650000,651500,651541, ,广东省深圳市南山区南海大道2061号新保辉大厦17层
460-55-322433-31,0.0,0.0,360000,365300,365314, ,浙江省宁波市江北区银海路1号
460-23-155251-53,0.0,0.0,220000,223400,223423, ,江苏省南京市高淳区经济开发区双高路29号
460-43-513451-55,0.0,0.0,420000,422400,422421, ,广西壮族自治区桂林市临桂县西城南路秧塘工业园
460-42-341422-25,0.0,0.0,510000,511200,511231, ,广东省汕头市澄海区莱美路宇田科技园
460-11-543513-35,0.0,0.0,360000,361400,361452, ,广东省深圳市坪山新区大工业区兰景路以东、锦绣路以南惠程科技工业厂区
460-34-525423-45,0.0,0.0,140000,144400,144444, ,广东省广州市黄埔区云埔工业区埔南路51号
460-22-151152-11,0.0,0.0,450000,454300,454335, ,广东省深圳市南山区高新技术园粤兴二道10号7-8楼
460-54-541544-45,0.0,0.0,540000,544300,544355, ,安徽省芜湖市九华北路8号
460-41-513412-42,0.0,0.0,650000,654300,654351, ,江苏省张家港市杨舍镇塘市
460-22-112331-45,0.0,0.0,320000,321400,321431, ,浙江省诸暨市山下湖镇郑家湖村
460-35-445414-44,0.0,0.0,350000,353100,353122, ,福建省晋江市经济开发区安东园金山路31号
460-24-134552-43,0.0,0.0,410000,415100,415124, ,广西壮族自治区桂林国家高新区五号区
460-12-313153-55,0.0,0.0,430000,435400,435444, ,江西省宜春市环城南路581号
460-52-244442-21,0.0,0.0,640000,644300,644353, ,广东省广州市天河区五山路246、248、250号2602房自编04、05
460-44-312222-14,0.0,0.0,540000,542100,542125, ,上海市普陀区西康路1255号6楼602室
460-23-233225-22,0.0,0.0,410000,411200,411252, ,河南省洛阳高新技术开发区周山路10号
460-34-445524-33,0.0,0.0,410000,414200,414255, ,广东省珠海市香洲区珠海大道3883号01栋2楼、7楼B区，02栋，03栋，04栋1楼、2楼、3楼、4楼、5楼，05栋
460-52-325131-44,0.0,0.0,420000,425500,425534, ,广东省广州市白云区增槎路1113号
460-44-441132-51,0.0,0.0,330000,331200,331245, ,江苏省南京市溧水经济开发区秀山东路9号
460-14-135151-52,0.0,0.0,330000,332400,332414, ,广东省深圳市宝安区西乡街道桃花源科技创新园A栋孵化大楼338室
460-14-311144-51,0.0,0.0,220000,224500,224542, ,上海市闵行区漕河泾开发区浦江高科技园新骏环路777号
460-51-114315-42,0.0,0.0,630000,634500,634544, ,甘肃省天水市秦州区双桥路14号
460-15-412142-42,0.0,0.0,320000,325100,325134, ,北京市宣武区前门西河沿217号
460-13-254311-41,0.0,0.0,130000,134300,134345, ,广东省广州市越秀区西湖路12号
460-53-113545-11,0.0,0.0,530000,534500,534554, ,浙江省嘉善县经济开发区东升路36号
460-11-122152-42,0.0,0.0,410000,415100,415121, ,河南省南阳市中州路254号
460-43-113114-14,0.0,0.0,500000,501400,501422, ,四川省成都市青羊区日月大道666号一栋
460-51-322553-12,0.0,0.0,500000,503300,503324, ,广东省深圳市南山区高新技术产业园区科技中二路劲嘉科技大厦18-19层
460-45-543333-23,0.0,0.0,460000,465300,465353, ,广东省广州市天河区珠江西路5号广州国际金融中心主塔写字楼第45层04-05单元
460-15-324325-55,0.0,0.0,410000,412500,412551, ,山东省济宁市高新区如意工业园
460-54-134222-23,0.0,0.0,450000,453100,453123, ,湖北省武汉市洪山区关东科技园三号区二号楼
460-11-125422-22,0.0,0.0,330000,335400,335445, ,上海市徐汇区宜山路700号85幢6楼
460-24-423122-12,0.0,0.0,540000,541200,541254, ,浙江省丽水生态产业集聚区(经济开发区)石牛路73号
460-21-443323-23,0.0,0.0,220000,224200,224231, ,广东省深圳市南山区南油天安工业村八座3A
460-33-111252-13,0.0,0.0,420000,423400,423423, ,广东省梅州市东升工业园B区
460-24-453541-21,0.0,0.0,340000,344400,344444, ,浙江省金华市宾虹西路555号
460-52-154553-44,0.0,0.0,540000,541500,541533, ,云南省昆明市经济技术开发区经浦路6号
460-15-451311-32,0.0,0.0,340000,342400,342422, ,江苏省如皋市中山东路1号
460-53-431314-42,0.0,0.0,440000,445300,445345, ,新疆维吾尔自治区乌鲁木齐市经济技术开发区上海路107号
460-45-533553-45,0.0,0.0,230000,231200,231234, ,浙江省诸暨市店口镇工业区
460-23-321334-42,0.0,0.0,360000,362300,362343, ,辽宁省大连市西岗区八一路169号
460-32-513122-13,0.0,0.0,640000,642200,642244, ,新疆维吾尔自治区乌鲁木齐市林泉西路765号
460-44-443112-13,0.0,0.0,520000,521400,521423, ,浙江省海宁市马桥镇经编园区内
460-43-455112-25,0.0,0.0,440000,442200,442241, ,新疆维吾尔自治区克拉玛依市友谊路251号
460-42-122511-41,0.0,0.0,420000,423500,423543, ,安徽省合肥市长江中路319号仁和大厦23-24层
460-34-542435-13,0.0,0.0,450000,451300,451313, ,广东省广州市萝岗区云埔一路23号
460-45-423513-14,0.0,0.0,210000,211100,211144, ,广东省深圳市福田区深南大道7008号阳光高尔夫大厦26楼2601室
460-52-433521-24,0.0,0.0,630000,631500,631532, ,江苏省扬中市明珠广场
460-12-512434-11,0.0,0.0,370000,371300,371353, ,广东省汕头市珠津工业区珠津二街1号
460-34-233524-21,0.0,0.0,220000,222100,222111, ,广东省深圳市南山区科技中二路深圳软件园12#楼301
460-45-315344-34,0.0,0.0,510000,512100,512121, ,浙江省杭州市滨江区滨康路639号
460-35-342441-41,0.0,0.0,150000,154300,154351, ,广东省深圳市宝安区西乡水库路113号
460-12-335511-11,0.0,0.0,230000,234100,234131, ,河南省郑州市综合投资区长兴路中段
460-32-133542-25,0.0,0.0,350000,353100,353145, ,山东省沂源县城东风路36号
460-41-514512-23,0.0,0.0,210000,215400,215452, ,广东省深圳市南山区侨城北路香年广场[南区]主楼（A座）栋―座8层802、803、804号房
460-31-153512-22,0.0,0.0,230000,231300,231324, ,甘肃省康县王坝独一味工业园区
460-23-344511-21,0.0,0.0,620000,621300,621334, ,辽宁省大连市金州区拥政街道三里村624号
460-52-531441-15,0.0,0.0,310000,314500,314552, ,江苏省张家港保税区出口加工区东华路668号
460-41-525351-53,0.0,0.0,150000,151400,151454, ,福建省福州市鼓楼区软件大道89号福州软件园F区9号楼
460-34-135451-41,0.0,0.0,420000,424200,424211, ,江苏省丹阳市云阳工业园(振新路南)
460-52-454555-24,0.0,0.0,360000,363400,363453, ,浙江省绍兴县柯岩街道余渚村
460-23-355135-55,0.0,0.0,540000,541300,541311, ,河南省濮阳县西环路中段
460-14-143552-14,0.0,0.0,110000,111300,111322, ,安徽省宁国市港口镇分界山
460-51-323324-53,0.0,0.0,420000,423500,423524, ,广东省深圳市南山区高新技术产业园北区松坪山路3号奥特迅电力大厦
460-23-355553-51,0.0,0.0,620000,621200,621225, ,福建省厦门市同安区同集北路556号
460-43-254154-51,0.0,0.0,610000,613500,613532, ,福建省福州市金山开发区金达路136号
460-31-145141-55,0.0,0.0,500000,505300,505342, ,安徽省合肥市高新开发区望江西路666号
460-41-253454-43,0.0,0.0,130000,135400,135413, ,辽宁省沈阳市浑南新区高歌路6号
460-54-451413-52,0.0,0.0,610000,615300,615352, ,吉林省长春净月高新技术产业开发区百合街1009号
460-22-311453-32,0.0,0.0,310000,313200,313215, ,广东省梅州市蕉岭县蕉城镇（塔牌大厦）
460-55-151354-34,0.0,0.0,430000,435100,435125, ,山东省烟台蓬莱市西郊
460-34-112512-35,0.0,0.0,110000,112100,112111, ,福建省厦门市集美区杏林锦园南路99号
460-44-125232-12,0.0,0.0,610000,614100,614131, ,浙江省杭州市滨江区滨安路1187号
460-51-511452-44,0.0,0.0,650000,653200,653212, ,山东省烟台市牟平区水道镇
460-13-242341-45,0.0,0.0,640000,645100,645144, ,广东省深圳市福田区彩田路6001号
460-43-415324-53,0.0,0.0,510000,514500,514525, ,江苏省南通高新技术产业开发区文昌路666号
460-21-351343-12,0.0,0.0,440000,442100,442124, ,广东省梅州市沿江东路滨江新村B00栋7楼
460-25-434211-42,0.0,0.0,610000,612500,612555, ,山东省潍坊高新技术产业开发区东方路268号
460-51-522441-45,0.0,0.0,150000,153400,153434, ,山东省济南市槐荫区美里路999号
460-54-252241-23,0.0,0.0,110000,115400,115413, ,广东省深圳市龙岗区龙岗大道(坪地段)1001号
460-23-411253-31,0.0,0.0,460000,463100,463153, ,浙江省杭州市庆春东路38号
460-23-252145-25,0.0,0.0,350000,354200,354215, ,江苏省张家港市杨舍镇新泾中路10号
460-33-511324-52,0.0,0.0,340000,345400,345423, ,四川省泸州市高坝
460-52-142511-41,0.0,0.0,650000,652100,652122, ,浙江省临安市玲珑街道玲珑工业区环南路1958号
460-23-451242-12,0.0,0.0,110000,111200,111225, ,山东省威海经济技术开发区环山路698号
460-13-453531-13,0.0,0.0,350000,352100,352144, ,广东省中山市西区沙朗第三工业区
460-22-115224-12,0.0,0.0,450000,453300,453351, ,浙江省台州市黄岩区江口经济开发区永椒路8号
460-33-215322-54,0.0,0.0,410000,413200,413234, ,湖南省湘潭市韶山西路309号步步高大厦
460-23-442355-13,0.0,0.0,530000,533200,533255, ,上海市奉贤区望园路2009号
460-21-111112-45,0.0,0.0,130000,135400,135413, ,四川省成都市武科东一路七号
460-42-112241-53,0.0,0.0,310000,312400,312433, ,山东省烟台经济技术开发区黑龙江路10号
460-31-424534-35,0.0,0.0,340000,344200,344214, ,江苏省张家港市东南大道1号（张家港经济技术开发区）
460-33-214542-33,0.0,0.0,350000,353500,353525, ,广东省深圳市宝安区石岩镇上屋彩虹工业城
460-23-131553-23,0.0,0.0,130000,131200,131222, ,四川省绵阳经济技术开发区
460-53-214135-43,0.0,0.0,330000,335500,335541, ,四川省成都市锦江区东华正街42号
460-23-445333-22,0.0,0.0,610000,614200,614212, ,广东省佛山市南海区松岗松夏工业园工业大道西
460-42-241251-42,0.0,0.0,620000,623300,623335, ,湖南省长沙市岳麓区桐梓坡西路298号
460-25-123314-35,0.0,0.0,150000,152500,152552, ,江苏省徐州经济开发区杨山路18号
460-52-125131-12,0.0,0.0,610000,614300,614351, ,浙江省诸暨市城西工业区
460-45-152245-41,0.0,0.0,110000,112200,112223, ,福建省厦门市思明区香莲里28号莲花广场商业中心二层237-263单元
460-34-435242-43,0.0,0.0,520000,525200,525214, ,云南省昆明市西山区海口镇山冲
460-33-255414-41,0.0,0.0,140000,142400,142421, ,浙江省桐庐县县城迎春南路177号浙富大厦25F
460-13-444222-51,0.0,0.0,140000,144500,144555, ,陕西省西安市经济技术开发区A1区
460-55-225331-12,0.0,0.0,510000,512100,512121, ,四川省成都高新技术产业开发区云华路333号
460-54-315543-32,0.0,0.0,230000,232500,232525, ,上海市浦东新区康桥镇康桥东路800号
460-54-531234-23,0.0,0.0,610000,613300,613345, ,山东省济南市天辰大街389号
460-13-121551-34,0.0,0.0,520000,523100,523154, ,北京市顺义区顺平路沙岭段甲2号
460-42-443514-13,0.0,0.0,420000,425400,425452, ,四川省自贡市高新工业园区荣川路1号
460-12-443322-41,0.0,0.0,110000,112500,112531, ,浙江省台州市椒江区星星电子产业区A5号
460-11-242412-34,0.0,0.0,220000,225500,225531, ,江苏省张家港市金港镇保税区扬子江国际化学工业园南海路1号
460-41-231331-13,0.0,0.0,650000,655200,655214, ,广西壮族自治区桂林市金星路1号
460-14-145544-32,0.0,0.0,500000,503200,503254, ,浙江省临安经济开发区南环路88号
460-45-534554-35,0.0,0.0,510000,511100,511151, ,湖南省长沙市芙蓉区八一路1号
460-42-255113-54,0.0,0.0,450000,455400,455411, ,上海市闵行区浦星公路1769号
460-32-442245-23,0.0,0.0,630000,632400,632434, ,北京市海淀区大慧寺路5号3号楼3层
460-32-543522-21,0.0,0.0,220000,222200,222212, ,浙江省杭州市滨江区南环路3766号
460-42-113114-45,0.0,0.0,450000,452200,452253, ,湖北省武汉市洪山区邮科院路88号
460-11-231213-35,0.0,0.0,650000,655200,655231, ,河北省石家庄高新技术产业开发区海河道10号
460-15-521345-31,0.0,0.0,310000,314200,314251, ,山东省威海市文登区天润路2-13号
460-45-113222-53,0.0,0.0,430000,434200,434232, ,浙江省杭州市萧山区蜀山街道亚太路1399号
460-21-135155-55,0.0,0.0,610000,612100,612145, ,广东省深圳市罗湖区深南东路2028号罗湖商务中心12楼
460-34-244315-43,0.0,0.0,120000,123500,123551, ,山东省禹城高新开发区东外环路1号
460-34-452535-43,0.0,0.0,350000,351300,351315, ,西藏自治区林芝市巴宜区德吉路2号
460-35-515413-14,0.0,0.0,540000,545100,545115, ,广东省梅县雁洋镇松坪村
460-42-411545-55,0.0,0.0,420000,424500,424515, ,广东省深圳市南山区高新区中区麻雀岭工业区M-6栋三层二区
460-55-552435-45,0.0,0.0,220000,222400,222425, ,江苏省苏州工业园区后戴街108号
460-13-554143-44,0.0,0.0,220000,223300,223355, ,广东省佛山市南海区桂城街道庆安路2号
460-42-154134-41,0.0,0.0,340000,344500,344525, ,广东省汕头市澄海区文冠路中段奥迪工业园
460-41-241512-32,0.0,0.0,230000,232400,232433, ,江苏省南通市经济技术开发区星湖大道1699号
460-23-355213-12,0.0,0.0,640000,642300,642353, ,广东省深圳市福田区深南大道6009号车公庙绿景广场主楼37层
460-21-334233-11,0.0,0.0,350000,355500,355545, ,广东省佛山市顺德区北滘镇西海工业区
460-13-244352-23,0.0,0.0,320000,323400,323434, ,河南省郑州市高新技术产业开发区科学大道74号
460-41-513511-14,0.0,0.0,440000,445400,445445, ,湖南省长沙市岳麓区高新技术产业开发区麓松路500号
460-45-333521-32,0.0,0.0,350000,352500,352545, ,安徽省芜湖市经济技术开发区电器部件工业园(九华北路118号)
460-45-154421-23,0.0,0.0,140000,145500,145551, ,福建省光泽县十里铺圣农总部办公大楼
460-41-313322-13,0.0,0.0,460000,462100,462111, ,福建省南平市工业路102号
460-52-352215-25,0.0,0.0,520000,525300,525333, ,广东省深圳市福田区福虹路世贸广场A幢17楼05-06号
460-13-244435-31,0.0,0.0,130000,135400,135424, ,新疆维吾尔自治区乌鲁木齐市经济技术开发区泰山路268号
460-41-522325-52,0.0,0.0,210000,212500,212553, ,广东省深圳市光明新区光明新陂头村美盈森厂区A栋
460-32-354535-12,0.0,0.0,340000,341100,341135, ,江苏省宿迁市洋河镇中大街118号
460-42-152514-25,0.0,0.0,510000,513100,513125, ,湖北省武汉市武昌区南湖中央花园会所
460-43-452124-15,0.0,0.0,110000,114300,114311, ,北京市海淀区上地七街1号2号楼3层
460-34-431212-33,0.0,0.0,370000,374200,374252, ,新疆维吾尔自治区乌鲁木齐市高新区高新街217号盈科广场A座16-17层
460-44-241522-22,0.0,0.0,310000,312200,312213, ,广东省广州高新技术产业开发区科珠路233号
460-32-335522-32,0.0,0.0,360000,362500,362521, ,江苏省常熟东南经济开发区
460-35-215341-31,0.0,0.0,120000,125500,125541, ,北京市朝阳区酒仙桥北路甲10号院104号楼6层601号
460-44-312124-11,0.0,0.0,440000,441100,441115, ,广东省广州市番禺区南村镇南村村北大街18号之六
460-55-432121-32,0.0,0.0,150000,152200,152215, ,四川省成都市金牛区高科技产业园区蜀西路42号
460-53-211224-31,0.0,0.0,540000,545100,545132, ,广东省深圳市南山区科苑路清华信息港综合楼107号
460-55-333455-44,0.0,0.0,640000,641300,641341, ,广东省深圳市南山区高新区南区科技南十二路007号九洲电器大厦五楼A室
460-41-555452-35,0.0,0.0,440000,445500,445552, ,江苏省南京市高新开发区星火路软件大厦A座12F
460-12-445511-51,0.0,0.0,330000,334100,334134, ,广东省深圳市南山区高新科技园后海大道2388号怡化金融科技大厦24层
460-54-341132-54,0.0,0.0,630000,634300,634312, ,广东省东莞市石龙镇西湖工业区信息产业园
460-32-312212-14,0.0,0.0,460000,463500,463541, ,浙江省湖州市双林镇镇西
460-42-215315-23,0.0,0.0,510000,512100,512122, ,广东省珠海市金鼎官塘乐通工业园
460-34-144255-54,0.0,0.0,350000,352200,352255, ,海南省海口市滨海大道157号港航大厦14楼
460-45-354511-45,0.0,0.0,630000,632400,632435, ,河南省潢川县产业集聚区工业大道1号
460-42-215522-53,0.0,0.0,430000,433500,433532, ,浙江省宁波市保税区曹娥江路22号
460-55-141113-15,0.0,0.0,210000,215500,215551, ,江苏省盐城市青年西路88号
460-15-151553-23,0.0,0.0,350000,351200,351224, ,上海市四平路421弄20号2楼
460-45-432532-23,0.0,0.0,150000,151400,151414, ,广东省深圳市罗湖区泥岗西洪涛路17号
460-23-252522-32,0.0,0.0,210000,214100,214135, ,浙江省化学原料药基地临海园区东海第五大道1号
460-23-241111-25,0.0,0.0,640000,642100,642141, ,广东省深圳市南山区创业南油大道西路自行车加工厂1栋
460-54-453252-22,0.0,0.0,450000,452200,452255, ,上海市青浦区华新镇华隆路1698号
460-43-431124-11,0.0,0.0,520000,525400,525455, ,广西壮族自治区南宁市科园大道66号
460-54-212341-32,0.0,0.0,530000,535400,535411, ,山东省诸城市昌城镇驻地
460-13-411542-43,0.0,0.0,420000,423500,423544, ,安徽省合肥市高新区皖水路589号
460-53-115455-12,0.0,0.0,620000,621200,621222, ,浙江省仙居县仙药路1号
460-52-542134-22,0.0,0.0,120000,125200,125221, ,江苏省苏州市相城区黄埭镇潘阳工业园太东路2777号
460-54-125513-14,0.0,0.0,510000,512100,512121, ,广东省深圳市南山区龙井高发科技工业园4号厂房
460-31-135343-21,0.0,0.0,410000,412100,412123, ,福建省厦门火炬高新区火炬园马垄路457号
460-45-455532-51,0.0,0.0,370000,374400,374411, ,广东省深圳市南山区前海路心语家园裙楼二层
460-53-131453-23,0.0,0.0,310000,311500,311511, ,天津市华苑新技术产业园区(环外)海泰发展四道9号
460-53-135233-45,0.0,0.0,150000,151400,151425, ,吉林省长春市经济技术开发区营口路588号
460-53-421534-52,0.0,0.0,510000,512200,512212, ,山东省济南市科航路1677号
460-14-454545-43,0.0,0.0,140000,142300,142333, ,广东省深圳市宝安区宝安中心区兴华路南侧荣超滨海大厦A栋20层2008号房
460-51-343133-21,0.0,0.0,420000,422300,422312, ,广东省深圳市南山区南海大道3025号创意大厦13-14楼
460-43-512212-45,0.0,0.0,410000,411200,411231, ,河北省保定市徐水县巨力路
460-54-555311-52,0.0,0.0,500000,501200,501244, ,浙江省嘉兴市昌盛南路36号嘉兴智慧产业创新园智慧大厦B座1001室
460-43-514222-54,0.0,0.0,500000,502300,502354, ,浙江省海宁市海州西路201号
460-45-422545-51,0.0,0.0,150000,155400,155425, ,广东省汕头市龙湖区龙新工业区龙新五街四号1-4楼
460-52-123113-31,0.0,0.0,360000,362500,362552, ,上海市奉贤区浦卫公路50号
460-14-313445-25,0.0,0.0,460000,465200,465243, ,安徽省马鞍山市经济技术开发区超山路669号
460-43-115425-33,0.0,0.0,460000,463100,463113, ,广东省普宁市占陇加工区振如大厦
460-25-134335-34,0.0,0.0,140000,143400,143444, ,江苏省南通市港闸经济开发区兴泰路9号
460-24-254454-55,0.0,0.0,120000,124400,124422, ,北京市海淀区上地创业路8号3号楼4层
460-43-315444-11,0.0,0.0,530000,534300,534352, ,广东省深圳市南山区科技园深南大道9998号万利达科技大厦22层9单元
460-51-342153-21,0.0,0.0,150000,152400,152414, ,安徽省马鞍山市当涂工业园
460-51-531444-25,0.0,0.0,220000,222300,222332, ,山东省烟台市莱山区杰瑞路5号
460-14-324324-52,0.0,0.0,310000,315500,315515, ,辽宁省大连市中山区致富街31号905单元
460-54-354241-11,0.0,0.0,130000,131200,131225, ,山东省龙口市龙口经济开发区
460-21-214544-31,0.0,0.0,540000,542500,542524, ,广东省深圳市坪山新区金牛西路16号华瀚科技工业2号厂房218A
460-22-325335-55,0.0,0.0,210000,213300,213355, ,四川省绵阳市绵州大道北段98号
460-23-415314-55,0.0,0.0,610000,611100,611112, ,河南省长葛市魏武路南段西侧
460-31-321145-25,0.0,0.0,410000,411200,411213, ,山东省邹平县开发区会仙二路
460-43-421223-43,0.0,0.0,410000,415100,415143, ,山西省河曲县文笔镇焦尾城大茂口
460-43-553344-33,0.0,0.0,140000,145200,145211, ,安徽省芜湖经济技术开发区桥北工业园保顺路8号
460-45-335132-55,0.0,0.0,650000,652500,652525, ,北京市海淀区东北旺西路8号5号楼三层
460-25-124231-24,0.0,0.0,610000,615300,615355, ,山东省龙口市外向型经济开发区
460-32-521215-53,0.0,0.0,500000,503300,503322, ,浙江省杭州市高新区之江科技工业园东信大道69号
460-22-412252-13,0.0,0.0,450000,455200,455213, ,湖北省潜江经济开发区广泽大道2号
460-35-312321-54,0.0,0.0,120000,124200,124225, ,四川省青神县黑龙镇
460-42-425144-51,0.0,0.0,620000,621400,621451, ,江苏省汾湖高新技术产业开发区康力大道888号
460-32-254225-22,0.0,0.0,350000,355500,355532, ,北京市海淀区北四环中路211号
460-43-421352-41,0.0,0.0,530000,532500,532522, ,广东省深圳市南山区西丽民企科技工业园5栋
460-22-355345-33,0.0,0.0,350000,355500,355524, ,浙江省绍兴市柯桥区云集路1152号
460-53-122415-45,0.0,0.0,460000,464200,464223, ,北京市朝阳区酒仙桥东路1号
460-12-225143-14,0.0,0.0,430000,433500,433543, ,浙江省临海经济开发区
460-15-245541-51,0.0,0.0,620000,623100,623124, ,北京市海淀区学院路39号1幢唯实大厦901A室
460-34-343514-55,0.0,0.0,500000,505200,505224, ,山东省烟台市牟平区姜格庄街道办事处丽鹏路1号
460-35-355334-35,0.0,0.0,520000,525400,525431, ,浙江省上虞市章镇工业新区
460-43-331452-23,0.0,0.0,130000,135100,135131, ,山东省威海市火炬高技术产业开发区火炬路169号
460-53-452114-45,0.0,0.0,520000,522200,522221, ,湖北省武汉市东湖新技术开发区武大园三路8号
460-25-214545-41,0.0,0.0,350000,351300,351334, ,江西省赣州市崇义县城塔下
460-54-254433-45,0.0,0.0,410000,411200,411244, ,山东省博兴县滨博大街1568号
460-55-243354-24,0.0,0.0,620000,623300,623314, ,江苏省南京市江宁区秣陵街道清水亭东路1266号
460-55-344434-11,0.0,0.0,430000,435300,435334, ,浙江省桐乡市洲泉镇晚村
460-12-214154-45,0.0,0.0,210000,214200,214225, ,山东省淄博市齐鲁化学工业区清田路21号
460-24-124412-34,0.0,0.0,530000,531200,531251, ,北京市海淀区知春路118号知春大厦1501室
460-22-251222-24,0.0,0.0,340000,344500,344541, ,江苏省苏州市吴中区东山上湾村
460-53-231531-34,0.0,0.0,500000,504400,504433, ,北京市海淀区中关村大街27号中关村大厦14层
460-24-523314-53,0.0,0.0,510000,515300,515355, ,四川省宜宾市下江北
460-41-533242-23,0.0,0.0,120000,123200,123212, ,广东省汕头市金平区岐山北工业片区02-02号
460-31-311241-12,0.0,0.0,220000,221400,221443, ,广东省深圳市福田区中康路卓越梅林中心广场（北区）1栋306A
460-54-525435-41,0.0,0.0,330000,333300,333324, ,浙江省台州市开发区开发大道388号
460-41-445132-22,0.0,0.0,420000,425200,425244, ,贵州省黔南布依布依族苗族自治州罗甸县龙坪镇解放路96号
460-44-331421-25,0.0,0.0,460000,465200,465223, ,江苏省扬州市江都经济开发区三江大道8号
460-51-241544-53,0.0,0.0,630000,634100,634123, ,北京市昌平区小汤山镇小汤山工业园4号楼
460-33-413232-13,0.0,0.0,110000,111300,111353, ,天津市西青经济技术开发区赛达北一道16号
460-15-453132-51,0.0,0.0,230000,231300,231343, ,江苏省南通市海安县城东镇恒联路88号
460-42-145131-11,0.0,0.0,350000,351300,351334, ,江苏省无锡市新区鸿山街道后宅中路
460-34-243234-54,0.0,0.0,540000,543100,543143, ,福建省福州市仓山区金山大道618号桔园洲星网锐捷科技园19-22栋
460-11-253123-11,0.0,0.0,520000,523100,523111, ,湖南省长沙市高新技术产业开发区麓谷产业基地谷苑路168号
460-25-252245-31,0.0,0.0,340000,344500,344514, ,福建省厦门市思明区湖滨南路62号
460-31-423454-52,0.0,0.0,460000,462200,462214, ,广东省深圳市南山区松坪山郎山路21号
460-11-451443-33,0.0,0.0,110000,112400,112413, ,广东省广州市越秀区东风东路745号之二
460-21-411532-45,0.0,0.0,210000,213300,213315, ,上海市浦东新区民生路600号
460-34-312445-34,0.0,0.0,620000,623500,623541, ,广东省深圳市南山区高新南区科技南十路6号深圳航天科技创新研究院大厦D座10楼1010-1011
460-53-153124-11,0.0,0.0,540000,542200,542254, ,浙江省温岭市经济开发区科技路2号
460-23-513124-11,0.0,0.0,530000,533100,533155, ,浙江省嘉兴市中环西路588号
460-24-112115-21,0.0,0.0,330000,333300,333333, ,北京市海淀区学院路7号弘彧大厦10层1002A室
460-52-215334-11,0.0,0.0,430000,431200,431214, ,河南省许昌市北郊尚集镇
460-31-544452-15,0.0,0.0,410000,413200,413243, ,河南省焦作市中站区焦克路
460-53-542521-32,0.0,0.0,320000,324200,324252, ,山东省淄博市临淄区胶厂南路1号
460-35-524442-23,0.0,0.0,540000,545300,545351, ,江苏省无锡宜兴经济开发区荆溪北路
460-13-353135-12,0.0,0.0,620000,622500,622534, ,北京市海淀区西北旺东路10号院东区13号楼
460-13-135155-35,0.0,0.0,310000,314200,314253, ,江苏省如东县沿海经济开发区黄海三路12号
460-43-351311-22,0.0,0.0,120000,121300,121344, ,湖南省益阳市银城南路龙岭工业园
460-42-442353-42,0.0,0.0,440000,441200,441245, ,江苏省常州市武进区礼嘉镇建东村建华路南
460-24-425135-15,0.0,0.0,410000,413200,413242, ,湖北省武汉市东湖开发区黄龙山南路6号
460-52-144542-15,0.0,0.0,140000,143400,143435, ,浙江省杭州市滨江区阡陌路555号
460-31-344432-44,0.0,0.0,340000,341200,341211, ,广东省深圳市福田区泰然大道东泰然劲松大厦20F
460-42-542511-33,0.0,0.0,340000,345500,345521, ,福建省福州市鼓楼区五凤街道软件大道89号福州软件园产业基地二期7#楼
460-44-545314-35,0.0,0.0,540000,541400,541424, ,浙江省杭州市淳安县千岛湖镇康盛路268号
460-42-353451-15,0.0,0.0,210000,214400,214455, ,广东省深圳市南山区中心路（深圳湾段）3019号天虹大厦9-14楼、17-20楼
460-51-133315-21,0.0,0.0,350000,355400,355415, ,广东省广州市高新技术产业开发区科学城科丰路29号
460-21-315112-34,0.0,0.0,420000,424100,424153, ,广东省深圳市南山区高新技术产业园W1-A栋5楼
460-14-443534-42,0.0,0.0,530000,532500,532532, ,四川省成都市新都卫星城工业开发区南二路
460-33-453152-21,0.0,0.0,500000,503300,503314, ,河南省济源市承留镇小寨村
460-45-544355-53,0.0,0.0,460000,461400,461414, ,贵州省安顺市经济技术开发区西航大道
460-24-352152-54,0.0,0.0,520000,525300,525321, ,广东省汕头市龙湖珠津工业区珠津一街3号凯撒工业城
460-54-341452-22,0.0,0.0,140000,142500,142531, ,江苏省苏州市高新区浒关工业园浒泾路55号
460-43-131433-53,0.0,0.0,310000,312300,312313, ,浙江省湖州市和孚镇工业园区
460-52-352123-32,0.0,0.0,370000,371200,371222, ,云南省临沧市临翔区忙畔街道办事处忙畔社区喜鹊窝组168号
460-33-413232-45,0.0,0.0,510000,514200,514255, ,广东省深圳市龙岗区南湾街道下李朗社区李朗路一号兆驰创新产业园
460-23-315214-24,0.0,0.0,110000,111100,111114, ,浙江省临安市青山湖街道东环路99号
460-53-134114-23,0.0,0.0,210000,211100,211121, ,广东省中山市小榄镇绩西祥丰中路21号
460-21-332341-44,0.0,0.0,310000,313300,313333, ,天津市南开区雅安道金平路3号
460-11-113242-54,0.0,0.0,350000,355300,355315, ,广东省汕头市金园工业区11R2-2片区第1、2座
460-44-135214-33,0.0,0.0,530000,535200,535225, ,浙江省金华市宾虹西路3999号
460-42-345432-23,0.0,0.0,360000,364300,364345, ,江苏省张家港市金港镇镇山东路
460-14-443142-41,0.0,0.0,330000,335300,335351, ,广东省深圳市南山区深南路科技园工业厂房25栋1段3层
460-52-422351-54,0.0,0.0,650000,654300,654351, ,黑龙江省哈尔滨市利民经济技术开发区燕京路29号
460-33-333215-13,0.0,0.0,150000,153200,153243, ,江苏省启东市南阳镇
460-52-535224-21,0.0,0.0,330000,334200,334252, ,北京市海淀区东北旺西路8号中关村软件园21号楼启明星辰大厦一层
460-31-255215-31,0.0,0.0,510000,514200,514233, ,浙江省绍兴市上虞区道墟镇杜浦称山下
460-41-153422-43,0.0,0.0,130000,132100,132151, ,广东省汕头市衡山路62号
460-51-552441-55,0.0,0.0,620000,624100,624112, ,河北省沙河市东环路龙星街1号
460-13-152315-51,0.0,0.0,520000,525400,525442, ,浙江省湖州市东门十五里牌（318国道旁）
460-55-155444-55,0.0,0.0,360000,365400,365455, ,浙江省杭州市江干区九环路35号
460-55-344353-21,0.0,0.0,460000,465200,465251, ,江苏省江阴市高新技术产业开发园金山路788号
460-45-253433-31,0.0,0.0,430000,434300,434341, ,广东省佛山市三水区西南工业园进业二路四号
460-32-355315-42,0.0,0.0,320000,321100,321115, ,辽宁省大连瓦房店市谢屯镇沙山村
460-25-514442-24,0.0,0.0,210000,214400,214435, ,河南省孟州市产业集聚区
460-52-241551-11,0.0,0.0,460000,464500,464553, ,广东省佛山市禅城区华宝南路18号
460-33-115222-21,0.0,0.0,320000,323300,323344, ,江苏省张家港市环保新材料产业园晨港路北侧、港华路西侧
460-53-322351-33,0.0,0.0,150000,153100,153125, ,上海市浦东新区江山路2829号
460-31-551131-32,0.0,0.0,630000,633500,633521, ,湖南省长沙市望城区金星大道高科技食品工业基地（金星大道与普瑞大道交汇处西南角）
460-53-512222-43,0.0,0.0,130000,131200,131223, ,江苏省苏州市吴中区木渎镇花苑东路199-1号
460-24-451223-24,0.0,0.0,450000,455200,455212, ,上海市莘庄工业区华宁路4999号
460-41-332434-42,0.0,0.0,150000,155300,155331, ,江苏省江阴市云亭街道建设路55号
460-23-144213-15,0.0,0.0,530000,534500,534533, ,广东省深圳市光明新区公明街道松白公路华发路段欧菲光科技园
460-53-142153-15,0.0,0.0,220000,225100,225115, ,宁夏回族自治区青铜峡市河西
460-14-515153-52,0.0,0.0,540000,545100,545133, ,山东省烟台市芝罘区朝阳街80号
460-51-552252-55,0.0,0.0,140000,142300,142315, ,河北省秦皇岛市经济技术开发区天山北路3号
460-35-345111-13,0.0,0.0,340000,342500,342514, ,江西省新余市经济开发区龙腾路
460-45-451455-54,0.0,0.0,410000,414500,414522, ,广东省广州市海珠区新港东路磨碟沙大街118号
460-52-441233-12,0.0,0.0,450000,452300,452335, ,北京市海淀区昆明湖南路11号1号楼
460-44-141222-53,0.0,0.0,640000,644400,644421, ,江苏省昆山市黑龙江北路55号
460-22-212521-14,0.0,0.0,420000,421200,421235, ,江苏省昆山市经济技术开发区昆嘉路1098号
460-11-151325-34,0.0,0.0,230000,231300,231311, ,广东省广州市高新技术产业开发区科学城海云路88号
460-31-435545-31,0.0,0.0,440000,441500,441522, ,四川省射洪县太和镇城北太空村
460-13-442331-33,0.0,0.0,540000,544300,544325, ,北京市昌平区城区镇超前路13号
460-45-411445-24,0.0,0.0,150000,153200,153235, ,浙江省玉环县机电工业园区
460-11-123342-42,0.0,0.0,510000,513300,513312, ,山东省淄博市临淄区炼厂中路22号
460-51-333323-21,0.0,0.0,430000,434500,434525, ,山东省临沭县兴大西街19号
460-43-353541-31,0.0,0.0,310000,313400,313424, ,江苏省宜兴市西郊工业园振丰东路999号
460-41-155144-24,0.0,0.0,520000,524100,524154, ,浙江省玉环县机电产业功能区盛园路1号
460-21-421231-32,0.0,0.0,140000,144200,144233, ,浙江省宁波市江北区金山路298号
460-32-533155-42,0.0,0.0,460000,461200,461242, ,福建省福州市鼓楼区铜盘路福州软件园产业基地
460-21-553235-45,0.0,0.0,360000,363100,363113, ,广东省深圳市宝安区沙井街道蚝一西部三洋新工业区A栋2层
460-11-511412-52,0.0,0.0,230000,232500,232514, ,山东省东营市东营区西四路892号
460-42-123251-31,0.0,0.0,130000,135300,135351, ,河南省新郑市薛店镇
460-44-412142-34,0.0,0.0,110000,112500,112521, ,江苏省常州市延陵东路558号
460-53-312422-53,0.0,0.0,230000,232200,232243, ,浙江省富阳市灵桥镇春永路188号
460-32-415343-55,0.0,0.0,350000,353300,353314, ,四川省成都市四川新津工业园区
460-14-213212-22,0.0,0.0,320000,323300,323332, ,山东省招远市金岭镇寨里
460-25-342132-45,0.0,0.0,210000,212200,212225, ,广东省深圳市罗湖区深南东路2098号
460-11-112532-52,0.0,0.0,630000,631400,631443, ,江苏省南通经济技术开发区振兴西路9号
460-54-331355-25,0.0,0.0,530000,533200,533225, ,江苏省南通市通州区平潮通扬南路79号
460-22-453133-54,0.0,0.0,120000,125300,125323, ,山东省诸城市东环路58号
460-15-234424-42,0.0,0.0,530000,535300,535312, ,上海市金山区亭林镇亭枫公路1918号
460-12-323545-12,0.0,0.0,330000,332500,332514, ,辽宁省阜新市新邱区新邱大街155号
460-11-443421-15,0.0,0.0,320000,321500,321542, ,浙江省富阳市富春街道公园西路1181号
460-32-115512-21,0.0,0.0,140000,141500,141521, ,浙江省临海市前江南路1号
460-23-512451-11,0.0,0.0,310000,314200,314211, ,山东省寿光市北环路99号
460-25-512413-54,0.0,0.0,450000,454200,454235, ,江苏省吴江市震泽镇八都经济开发区小平大道8号
460-32-521215-15,0.0,0.0,150000,153400,153441, ,广东省珠海市高栏港经济区南迳湾
460-45-154532-55,0.0,0.0,520000,521400,521445, ,浙江省杭州市萧山区益农镇红阳路98号
460-12-415324-25,0.0,0.0,120000,124400,124414, ,河北省肃宁县尚村镇
460-24-122535-52,0.0,0.0,430000,433500,433513, ,广东省普宁市池尾工业区上寮园256幢0138号
460-32-521454-52,0.0,0.0,530000,532500,532555, ,江苏省大丰市海洋经济开发区南区纬二路（王港闸南首）
460-52-415532-21,0.0,0.0,530000,535400,535431, ,四川省雅安市雨城区碧峰峡路911号
460-15-225131-54,0.0,0.0,330000,335400,335453, ,山东省青岛市崂山区九水东路628号
460-33-545455-43,0.0,0.0,110000,115400,115433, ,江苏省吴江市松陵镇八坼社区
460-15-212444-15,0.0,0.0,370000,375500,375533, ,山西省太原市府西街69号山西国际贸易中心东塔楼
460-22-233212-45,0.0,0.0,540000,543300,543311, ,吉林省辽源市西宁大路5729号
460-12-525223-52,0.0,0.0,110000,111100,111133, ,广东省汕头市澄海区澄华工业区玉亭路
460-43-542441-42,0.0,0.0,610000,611100,611115, ,广东省东莞市道滘镇新鸿昌路1号
460-54-555522-52,0.0,0.0,230000,234200,234244, ,北京市朝阳区来广营西路朝来高科技产业园7号楼
460-51-132221-44,0.0,0.0,540000,545400,545434, ,湖南省怀化市中方县中方镇竹站村高速公路互通处
460-54-222531-12,0.0,0.0,220000,224500,224542, ,上海市奉贤区南桥镇江海经济园区
460-41-131155-32,0.0,0.0,420000,424400,424415, ,重庆市涪陵区江北街道办事处二渡村一组
460-44-324213-25,0.0,0.0,640000,642400,642435, ,浙江省杭州余杭区余杭经济开发区临平大道592号
460-42-321333-24,0.0,0.0,610000,611100,611141, ,福建省南安市成功科技开发区
460-25-551533-51,0.0,0.0,330000,333200,333224, ,天津市天津空港经济区航天路77号
460-11-213444-23,0.0,0.0,620000,622100,622155, ,广东省中山市东升镇坦背胜龙村
460-32-352233-12,0.0,0.0,220000,221400,221424, ,广东省中山市小榄镇泰丰工业区水怡南路9号
460-52-231421-53,0.0,0.0,540000,543100,543153, ,江苏省新沂经济开发区苏化路1号
460-12-512411-13,0.0,0.0,610000,612400,612424, ,江苏省苏州高新区浒墅关经济开发区石阳路17号
460-42-511214-15,0.0,0.0,620000,623500,623541, ,浙江省金华市工业园区金帆街1000号
460-42-532422-44,0.0,0.0,510000,515100,515114, ,江苏省常州市武进区湖塘镇人民东路109号
460-45-152131-55,0.0,0.0,150000,153400,153443, ,福建省泉州市经济技术开发区清濛园区美泰路36号
460-11-154442-13,0.0,0.0,530000,535300,535334, ,广东省深圳市南山区高新北区科技中二路软件园1栋4楼401、402室
460-55-241332-44,0.0,0.0,150000,155300,155333, ,江苏省张家港市塘桥镇南环路188号
460-13-235122-41,0.0,0.0,630000,635400,635441, ,浙江省新昌县七星街道日发数码科技园
460-52-244453-11,0.0,0.0,640000,642300,642315, ,山东省淄博市临淄区朱台镇朱台路22号
460-54-425153-34,0.0,0.0,410000,414200,414244, ,浙江省嘉善县惠民街道泰山路1号